1.000000e+01 1.153682e+05 7.637245e+04 8.324412e+04 
1.032761e+01 1.141343e+05 7.555559e+04 8.235378e+04 
1.066596e+01 1.129135e+05 7.474745e+04 8.147295e+04 
1.101539e+01 1.117058e+05 7.394794e+04 8.060153e+04 
1.137627e+01 1.105109e+05 7.315697e+04 7.973941e+04 
1.174898e+01 1.093289e+05 7.237444e+04 7.888650e+04 
1.213389e+01 1.081594e+05 7.160027e+04 7.804270e+04 
1.253141e+01 1.070025e+05 7.083437e+04 7.720791e+04 
1.294196e+01 1.058579e+05 7.007665e+04 7.638203e+04 
1.336596e+01 1.047255e+05 6.932702e+04 7.556498e+04 
1.380384e+01 1.036052e+05 6.858540e+04 7.475665e+04 
1.425608e+01 1.024969e+05 6.785169e+04 7.395695e+04 
1.472313e+01 1.014004e+05 6.712582e+04 7.316579e+04 
1.520548e+01 1.003156e+05 6.640770e+04 7.238308e+04 
1.570363e+01 9.924237e+04 6.569725e+04 7.160872e+04 
1.621810e+01 9.818062e+04 6.499438e+04 7.084264e+04 
1.674943e+01 9.713022e+04 6.429902e+04 7.008473e+04 
1.729816e+01 9.609102e+04 6.361108e+04 6.933492e+04 
1.786488e+01 9.506293e+04 6.293048e+04 6.859311e+04 
1.845015e+01 9.404581e+04 6.225716e+04 6.785922e+04 
1.905461e+01 9.303954e+04 6.159102e+04 6.713317e+04 
1.967886e+01 9.204403e+04 6.093199e+04 6.641487e+04 
2.032357e+01 9.105913e+04 6.028000e+04 6.570424e+04 
2.098940e+01 9.008476e+04 5.963497e+04 6.500119e+04 
2.167704e+01 8.912078e+04 5.899682e+04 6.430565e+04 
2.238721e+01 8.816710e+04 5.836549e+04 6.361754e+04 
2.312065e+01 8.722359e+04 5.774089e+04 6.293677e+04 
2.387811e+01 8.629016e+04 5.712297e+04 6.226327e+04 
2.466039e+01 8.536669e+04 5.651163e+04 6.159695e+04 
2.546830e+01 8.445307e+04 5.590683e+04 6.093775e+04 
2.630268e+01 8.354921e+04 5.530848e+04 6.028559e+04 
2.716439e+01 8.265500e+04 5.471651e+04 5.964038e+04 
2.805434e+01 8.177033e+04 5.413086e+04 5.900207e+04 
2.897344e+01 8.089510e+04 5.355147e+04 5.837056e+04 
2.992265e+01 8.002921e+04 5.297825e+04 5.774579e+04 
3.090295e+01 7.917256e+04 5.241115e+04 5.712770e+04 
3.191538e+01 7.832505e+04 5.185011e+04 5.651620e+04 
3.296097e+01 7.748659e+04 5.129505e+04 5.591122e+04 
3.404082e+01 7.665707e+04 5.074592e+04 5.531270e+04 
3.515604e+01 7.583641e+04 5.020264e+04 5.472057e+04 
3.630781e+01 7.502450e+04 4.966516e+04 5.413475e+04 
3.749730e+01 7.422125e+04 4.913341e+04 5.355519e+04 
3.872576e+01 7.342658e+04 4.860734e+04 5.298181e+04 
3.999447e+01 7.264038e+04 4.808688e+04 5.241454e+04 
4.130475e+01 7.186257e+04 4.757198e+04 5.185333e+04 
4.265795e+01 7.109306e+04 4.706256e+04 5.129811e+04 
4.405549e+01 7.033175e+04 4.655858e+04 5.074881e+04 
4.549881e+01 6.957857e+04 4.605998e+04 5.020537e+04 
4.698941e+01 6.883342e+04 4.556669e+04 4.966772e+04 
4.852885e+01 6.809622e+04 4.507867e+04 4.913581e+04 
5.011872e+01 6.736688e+04 4.459585e+04 4.860958e+04 
5.176068e+01 6.664532e+04 4.411818e+04 4.808895e+04 
5.345644e+01 6.593145e+04 4.364560e+04 4.757388e+04 
5.520774e+01 6.522520e+04 4.317807e+04 4.706431e+04 
5.701643e+01 6.452648e+04 4.271552e+04 4.656016e+04 
5.888437e+01 6.383521e+04 4.225790e+04 4.606140e+04 
6.081350e+01 6.315131e+04 4.180516e+04 4.556795e+04 
6.280584e+01 6.247470e+04 4.135724e+04 4.507976e+04 
6.486344e+01 6.180531e+04 4.091411e+04 4.459678e+04 
6.698846e+01 6.114305e+04 4.047569e+04 4.411895e+04 
6.918310e+01 6.048785e+04 4.004195e+04 4.364621e+04 
7.144963e+01 5.983964e+04 3.961284e+04 4.317851e+04 
7.379042e+01 5.919834e+04 3.918830e+04 4.271580e+04 
7.620790e+01 5.856387e+04 3.876828e+04 4.225802e+04 
7.870458e+01 5.793616e+04 3.835274e+04 4.180512e+04 
8.128305e+01 5.731514e+04 3.794163e+04 4.135704e+04 
8.394600e+01 5.670074e+04 3.753489e+04 4.091374e+04 
8.669619e+01 5.609289e+04 3.713250e+04 4.047517e+04 
8.953648e+01 5.549152e+04 3.673439e+04 4.004127e+04 
9.246982e+01 5.489655e+04 3.634052e+04 3.961199e+04 
9.549926e+01 5.430792e+04 3.595085e+04 3.918728e+04 
9.862795e+01 5.372556e+04 3.556533e+04 3.876710e+04 
1.018591e+02 5.314940e+04 3.518391e+04 3.835140e+04 
1.051962e+02 5.257939e+04 3.480656e+04 3.794013e+04 
1.086426e+02 5.201544e+04 3.443323e+04 3.753323e+04 
1.122018e+02 5.145750e+04 3.406387e+04 3.713067e+04 
1.158777e+02 5.090550e+04 3.369844e+04 3.673240e+04 
1.196741e+02 5.035937e+04 3.333691e+04 3.633837e+04 
1.235947e+02 4.981907e+04 3.297923e+04 3.594853e+04 
1.276439e+02 4.928451e+04 3.262535e+04 3.556284e+04 
1.318257e+02 4.875565e+04 3.227524e+04 3.518127e+04 
1.361445e+02 4.823241e+04 3.192886e+04 3.480375e+04 
1.406048e+02 4.771475e+04 3.158617e+04 3.443025e+04 
1.452112e+02 4.720259e+04 3.124712e+04 3.406073e+04 
1.499685e+02 4.669589e+04 3.091168e+04 3.369514e+04 
1.548817e+02 4.619457e+04 3.057981e+04 3.333344e+04 
1.599558e+02 4.569859e+04 3.025147e+04 3.297559e+04 
1.651962e+02 4.520789e+04 2.992662e+04 3.262155e+04 
1.706082e+02 4.472241e+04 2.960523e+04 3.227127e+04 
1.761976e+02 4.424209e+04 2.928725e+04 3.192472e+04 
1.819701e+02 4.376688e+04 2.897266e+04 3.158186e+04 
1.879317e+02 4.329672e+04 2.866142e+04 3.124264e+04 
1.940886e+02 4.283156e+04 2.835348e+04 3.090703e+04 
2.004472e+02 4.237135e+04 2.804882e+04 3.057499e+04 
2.070141e+02 4.191603e+04 2.774739e+04 3.024648e+04 
2.137962e+02 4.146555e+04 2.744917e+04 2.992146e+04 
2.208005e+02 4.101986e+04 2.715412e+04 2.959990e+04 
2.280342e+02 4.057890e+04 2.686221e+04 2.928176e+04 
2.355049e+02 4.014263e+04 2.657340e+04 2.896699e+04 
2.432204e+02 3.971100e+04 2.628765e+04 2.865557e+04 
2.511886e+02 3.928395e+04 2.600494e+04 2.834746e+04 
2.594179e+02 3.886144e+04 2.572523e+04 2.804263e+04 
2.679168e+02 3.844341e+04 2.544850e+04 2.774103e+04 
2.766942e+02 3.802982e+04 2.517470e+04 2.744263e+04 
2.857591e+02 3.762063e+04 2.490381e+04 2.714741e+04 
2.951209e+02 3.721577e+04 2.463579e+04 2.685531e+04 
3.047895e+02 3.681522e+04 2.437062e+04 2.656632e+04 
3.147748e+02 3.641892e+04 2.410827e+04 2.628040e+04 
3.250873e+02 3.602682e+04 2.384869e+04 2.599751e+04 
3.357376e+02 3.563888e+04 2.359187e+04 2.571762e+04 
3.467369e+02 3.525505e+04 2.333778e+04 2.544070e+04 
3.580964e+02 3.487530e+04 2.308638e+04 2.516672e+04 
3.698282e+02 3.449958e+04 2.283764e+04 2.489565e+04 
3.819443e+02 3.412784e+04 2.259155e+04 2.462745e+04 
3.944573e+02 3.376003e+04 2.234806e+04 2.436209e+04 
4.073803e+02 3.339613e+04 2.210715e+04 2.409955e+04 
4.207266e+02 3.303608e+04 2.186879e+04 2.383979e+04 
4.345102e+02 3.267985e+04 2.163296e+04 2.358278e+04 
4.487454e+02 3.232739e+04 2.139963e+04 2.332850e+04 
4.634469e+02 3.197867e+04 2.116877e+04 2.307691e+04 
4.786301e+02 3.163364e+04 2.094035e+04 2.282798e+04 
4.943107e+02 3.129226e+04 2.071435e+04 2.258169e+04 
5.105050e+02 3.095449e+04 2.049075e+04 2.233801e+04 
5.272299e+02 3.062030e+04 2.026951e+04 2.209691e+04 
5.445027e+02 3.028964e+04 2.005061e+04 2.185836e+04 
5.623413e+02 2.996248e+04 1.983402e+04 2.162233e+04 
5.807644e+02 2.963878e+04 1.961973e+04 2.138880e+04 
5.997911e+02 2.931851e+04 1.940770e+04 2.115774e+04 
6.194411e+02 2.900162e+04 1.919791e+04 2.092912e+04 
6.397348e+02 2.868807e+04 1.899034e+04 2.070292e+04 
6.606934e+02 2.837785e+04 1.878496e+04 2.047911e+04 
6.823387e+02 2.807089e+04 1.858175e+04 2.025767e+04 
7.046931e+02 2.776718e+04 1.838069e+04 2.003856e+04 
7.277798e+02 2.746668e+04 1.818175e+04 1.982177e+04 
7.516229e+02 2.716935e+04 1.798491e+04 1.960727e+04 
7.762471e+02 2.687515e+04 1.779014e+04 1.939503e+04 
8.016781e+02 2.658406e+04 1.759743e+04 1.918503e+04 
8.279422e+02 2.629604e+04 1.740676e+04 1.897724e+04 
8.550667e+02 2.601105e+04 1.721809e+04 1.877165e+04 
8.830799e+02 2.572907e+04 1.703141e+04 1.856823e+04 
9.120108e+02 2.545006e+04 1.684670e+04 1.836695e+04 
9.418896e+02 2.517399e+04 1.666393e+04 1.816779e+04 
9.727472e+02 2.490083e+04 1.648309e+04 1.797073e+04 
1.004616e+03 2.463054e+04 1.630415e+04 1.777574e+04 
1.037528e+03 2.436309e+04 1.612710e+04 1.758281e+04 
1.071519e+03 2.409846e+04 1.595190e+04 1.739191e+04 
1.106624e+03 2.383662e+04 1.577855e+04 1.720301e+04 
1.142878e+03 2.357752e+04 1.560702e+04 1.701611e+04 
1.180321e+03 2.332115e+04 1.543730e+04 1.683116e+04 
1.218990e+03 2.306747e+04 1.526935e+04 1.664817e+04 
1.258925e+03 2.281646e+04 1.510317e+04 1.646709e+04 
1.300170e+03 2.256808e+04 1.493874e+04 1.628792e+04 
1.342765e+03 2.232231e+04 1.477603e+04 1.611062e+04 
1.386756e+03 2.207911e+04 1.461502e+04 1.593519e+04 
1.432188e+03 2.183847e+04 1.445571e+04 1.576160e+04 
1.479108e+03 2.160034e+04 1.429806e+04 1.558983e+04 
1.527566e+03 2.136472e+04 1.414207e+04 1.541986e+04 
1.577611e+03 2.113156e+04 1.398770e+04 1.525167e+04 
1.629296e+03 2.090084e+04 1.383496e+04 1.508524e+04 
1.682674e+03 2.067253e+04 1.368381e+04 1.492055e+04 
1.737801e+03 2.044661e+04 1.353424e+04 1.475759e+04 
1.794734e+03 2.022306e+04 1.338624e+04 1.459633e+04 
1.853532e+03 2.000184e+04 1.323978e+04 1.443676e+04 
1.914256e+03 1.978293e+04 1.309485e+04 1.427886e+04 
1.976970e+03 1.956630e+04 1.295144e+04 1.412260e+04 
2.041738e+03 1.935194e+04 1.280952e+04 1.396798e+04 
2.108628e+03 1.913981e+04 1.266908e+04 1.381497e+04 
2.177710e+03 1.892989e+04 1.253010e+04 1.366355e+04 
2.249055e+03 1.872216e+04 1.239257e+04 1.351371e+04 
2.322737e+03 1.851659e+04 1.225648e+04 1.336544e+04 
2.398833e+03 1.831316e+04 1.212180e+04 1.321871e+04 
2.477422e+03 1.811185e+04 1.198851e+04 1.307350e+04 
2.558586e+03 1.791263e+04 1.185662e+04 1.292981e+04 
2.642409e+03 1.771548e+04 1.172609e+04 1.278761e+04 
2.728978e+03 1.752037e+04 1.159692e+04 1.264689e+04 
2.818383e+03 1.732729e+04 1.146909e+04 1.250762e+04 
2.910717e+03 1.713621e+04 1.134259e+04 1.236981e+04 
3.006076e+03 1.694711e+04 1.121739e+04 1.223342e+04 
3.104560e+03 1.675997e+04 1.109349e+04 1.209845e+04 
3.206269e+03 1.657477e+04 1.097088e+04 1.196487e+04 
3.311311e+03 1.639148e+04 1.084953e+04 1.183268e+04 
3.419794e+03 1.621009e+04 1.072943e+04 1.170185e+04 
3.531832e+03 1.603057e+04 1.061058e+04 1.157238e+04 
3.647539e+03 1.585290e+04 1.049295e+04 1.144424e+04 
3.767038e+03 1.567706e+04 1.037653e+04 1.131743e+04 
3.890451e+03 1.550304e+04 1.026132e+04 1.119192e+04 
4.017908e+03 1.533080e+04 1.014729e+04 1.106771e+04 
4.149540e+03 1.516034e+04 1.003443e+04 1.094478e+04 
4.285485e+03 1.499164e+04 9.922732e+03 1.082311e+04 
4.425884e+03 1.482466e+04 9.812182e+03 1.070269e+04 
4.570882e+03 1.465940e+04 9.702767e+03 1.058351e+04 
4.720630e+03 1.449583e+04 9.594473e+03 1.046556e+04 
4.875285e+03 1.433394e+04 9.487289e+03 1.034881e+04 
5.035006e+03 1.417371e+04 9.381202e+03 1.023326e+04 
5.199960e+03 1.401512e+04 9.276200e+03 1.011889e+04 
5.370318e+03 1.385814e+04 9.172271e+03 1.000570e+04 
5.546257e+03 1.370277e+04 9.069402e+03 9.893659e+03 
5.727960e+03 1.354899e+04 8.967583e+03 9.782764e+03 
5.915616e+03 1.339677e+04 8.866801e+03 9.673001e+03 
6.109420e+03 1.324610e+04 8.767045e+03 9.564356e+03 
6.309573e+03 1.309697e+04 8.668304e+03 9.456818e+03 
6.516284e+03 1.294934e+04 8.570565e+03 9.350373e+03 
6.729767e+03 1.280322e+04 8.473819e+03 9.245011e+03 
6.950243e+03 1.265858e+04 8.378053e+03 9.140718e+03 
7.177943e+03 1.251540e+04 8.283257e+03 9.037483e+03 
7.413102e+03 1.237368e+04 8.189419e+03 8.935294e+03 
7.655966e+03 1.223338e+04 8.096530e+03 8.834138e+03 
7.906786e+03 1.209450e+04 8.004579e+03 8.734006e+03 
8.165824e+03 1.195702e+04 7.913554e+03 8.634885e+03 
8.433348e+03 1.182093e+04 7.823446e+03 8.536763e+03 
8.709636e+03 1.168620e+04 7.734245e+03 8.439630e+03 
8.994976e+03 1.155283e+04 7.645939e+03 8.343474e+03 
9.289664e+03 1.142080e+04 7.558519e+03 8.248284e+03 
9.594006e+03 1.129009e+04 7.471976e+03 8.154050e+03 
9.908319e+03 1.116069e+04 7.386298e+03 8.060761e+03 
1.023293e+04 1.103258e+04 7.301477e+03 7.968406e+03 
1.056818e+04 1.090575e+04 7.217502e+03 7.876974e+03 
1.091440e+04 1.078018e+04 7.134364e+03 7.786456e+03 
1.127197e+04 1.065587e+04 7.052054e+03 7.696840e+03 
1.164126e+04 1.053279e+04 6.970562e+03 7.608116e+03 
1.202264e+04 1.041093e+04 6.889880e+03 7.520275e+03 
1.241652e+04 1.029028e+04 6.809996e+03 7.433307e+03 
1.282331e+04 1.017083e+04 6.730904e+03 7.347200e+03 
1.324342e+04 1.005255e+04 6.652593e+03 7.261947e+03 
1.367729e+04 9.935446e+03 6.575055e+03 7.177536e+03 
1.412538e+04 9.819493e+03 6.498281e+03 7.093959e+03 
1.458814e+04 9.704680e+03 6.422262e+03 7.011206e+03 
1.506607e+04 9.590996e+03 6.346990e+03 6.929267e+03 
1.555966e+04 9.478426e+03 6.272457e+03 6.848134e+03 
1.606941e+04 9.366958e+03 6.198653e+03 6.767796e+03 
1.659587e+04 9.256580e+03 6.125570e+03 6.688245e+03 
1.713957e+04 9.147279e+03 6.053200e+03 6.609473e+03 
1.770109e+04 9.039043e+03 5.981536e+03 6.531469e+03 
1.828100e+04 9.309735e+03 6.160624e+03 6.727282e+03 
1.887991e+04 9.191751e+03 6.082509e+03 6.642242e+03 
1.949845e+04 9.075170e+03 6.005317e+03 6.558244e+03 
2.013724e+04 8.616936e+03 5.702050e+03 6.227310e+03 
2.079697e+04 8.513837e+03 5.633787e+03 6.153017e+03 
2.147830e+04 8.411732e+03 5.566183e+03 6.079441e+03 
2.218196e+04 8.310609e+03 5.499229e+03 6.006575e+03 
2.290868e+04 8.210457e+03 5.432918e+03 5.934410e+03 
2.365920e+04 8.111264e+03 5.367242e+03 5.862939e+03 
2.443431e+04 8.013020e+03 5.302195e+03 5.792152e+03 
2.523481e+04 7.915714e+03 5.237769e+03 5.722043e+03 
2.606154e+04 7.819334e+03 5.173956e+03 5.652604e+03 
2.691535e+04 7.723871e+03 5.110750e+03 5.583826e+03 
2.779713e+04 7.629313e+03 5.048144e+03 5.515702e+03 
2.870781e+04 7.535650e+03 4.986131e+03 5.448225e+03 
2.964831e+04 7.442872e+03 4.924705e+03 5.381387e+03 
3.061963e+04 7.350969e+03 4.863857e+03 5.315180e+03 
3.162278e+04 7.259930e+03 4.803582e+03 5.249599e+03 
3.265878e+04 7.169745e+03 4.743873e+03 5.184634e+03 
3.372873e+04 7.080406e+03 4.684724e+03 5.120280e+03 
3.483373e+04 6.991901e+03 4.626128e+03 5.056529e+03 
3.597493e+04 6.904222e+03 4.568079e+03 4.993374e+03 
3.715352e+04 6.817358e+03 4.510570e+03 4.930808e+03 
3.837072e+04 6.731301e+03 4.453596e+03 4.868825e+03 
3.962780e+04 6.646042e+03 4.397150e+03 4.807418e+03 
4.092607e+04 6.561570e+03 4.341226e+03 4.746580e+03 
4.226686e+04 6.477877e+03 4.285819e+03 4.686305e+03 
4.365158e+04 6.394955e+03 4.230922e+03 4.626586e+03 
4.508167e+04 6.312794e+03 4.176529e+03 4.567417e+03 
4.655861e+04 6.231385e+03 4.122636e+03 4.508791e+03 
4.808393e+04 6.150720e+03 4.069235e+03 4.450703e+03 
4.965923e+04 6.070792e+03 4.016322e+03 4.393146e+03 
5.128614e+04 5.991590e+03 3.963891e+03 4.336115e+03 
5.296634e+04 5.913107e+03 3.911937e+03 4.279603e+03 
5.470160e+04 5.835336e+03 3.860455e+03 4.223604e+03 
5.649370e+04 5.758267e+03 3.809438e+03 4.168113e+03 
5.834451e+04 5.681894e+03 3.758882e+03 4.113123e+03 
6.025596e+04 5.606207e+03 3.708782e+03 4.058630e+03 
6.223003e+04 5.531201e+03 3.659132e+03 4.004628e+03 
6.426877e+04 5.456866e+03 3.609929e+03 3.951111e+03 
6.637431e+04 5.383196e+03 3.561166e+03 3.898074e+03 
6.854882e+04 5.310184e+03 3.512839e+03 3.845511e+03 
7.079458e+04 5.237822e+03 3.464944e+03 3.793418e+03 
7.311391e+04 5.166103e+03 3.417475e+03 3.741789e+03 
7.550922e+04 5.095020e+03 3.370428e+03 3.690620e+03 
7.798301e+04 5.024566e+03 3.323799e+03 3.639904e+03 
8.053784e+04 4.954736e+03 3.277583e+03 3.589638e+03 
8.317638e+04 4.885521e+03 3.231776e+03 3.539817e+03 
8.590135e+04 4.816917e+03 3.186373e+03 3.490435e+03 
8.871560e+04 4.748915e+03 3.141371e+03 3.441489e+03 
9.162205e+04 4.681511e+03 3.096765e+03 3.392973e+03 
9.462372e+04 4.614698e+03 3.052552e+03 3.344884e+03 
9.772372e+04 4.548470e+03 3.008727e+03 3.297217e+03 
1.009253e+05 4.482821e+03 2.965286e+03 3.249967e+03 
1.042317e+05 4.417746e+03 2.922227e+03 3.203131e+03 
1.076465e+05 4.353239e+03 2.879544e+03 3.156704e+03 
1.111732e+05 4.289294e+03 2.837235e+03 3.110683e+03 
1.148154e+05 4.225907e+03 2.795297e+03 3.065063e+03 
1.185769e+05 4.163072e+03 2.753724e+03 3.019842e+03 
1.224616e+05 4.100783e+03 2.712515e+03 2.975014e+03 
1.264736e+05 4.039037e+03 2.671667e+03 2.930576e+03 
1.306171e+05 3.977829e+03 2.631175e+03 2.886526e+03 
1.348963e+05 3.917153e+03 2.591037e+03 2.842859e+03 
1.393157e+05 3.857006e+03 2.551250e+03 2.799573e+03 
1.438799e+05 3.797382e+03 2.511811e+03 2.756663e+03 
1.485936e+05 3.738278e+03 2.472718e+03 2.714127e+03 
1.534617e+05 3.679690e+03 2.433967e+03 2.671963e+03 
1.584893e+05 3.621614e+03 2.395556e+03 2.630166e+03 
1.636817e+05 3.564046e+03 2.357483e+03 2.588734e+03 
1.690441e+05 3.506982e+03 2.319745e+03 2.547665e+03 
1.745822e+05 3.450419e+03 2.282340e+03 2.506956e+03 
1.803018e+05 3.394354e+03 2.245266e+03 2.466604e+03 
1.862087e+05 3.338783e+03 2.208520e+03 2.426607e+03 
1.923092e+05 3.283704e+03 2.172102e+03 2.386963e+03 
1.986095e+05 3.229114e+03 2.136008e+03 2.347670e+03 
2.051162e+05 3.175010e+03 2.100237e+03 2.308725e+03 
2.118361e+05 3.121389e+03 2.064787e+03 2.270128e+03 
2.187762e+05 3.068250e+03 2.029657e+03 2.231875e+03 
2.259436e+05 3.015589e+03 1.994846e+03 2.193965e+03 
2.333458e+05 2.963406e+03 1.960352e+03 2.156397e+03 
2.409905e+05 2.911698e+03 1.926173e+03 2.119169e+03 
2.488857e+05 2.860463e+03 1.892309e+03 2.082280e+03 
2.570396e+05 2.809701e+03 1.858759e+03 2.045729e+03 
2.654606e+05 2.759409e+03 1.825522e+03 2.009515e+03 
2.741574e+05 2.709587e+03 1.792596e+03 1.973636e+03 
2.831392e+05 2.660233e+03 1.759982e+03 1.938092e+03 
2.924152e+05 2.611347e+03 1.727679e+03 1.902882e+03 
3.019952e+05 2.562928e+03 1.695686e+03 1.868005e+03 
3.118890e+05 2.514976e+03 1.664003e+03 1.833462e+03 
3.221069e+05 2.467490e+03 1.632629e+03 1.799252e+03 
3.326596e+05 2.420480e+03 1.601572e+03 1.765381e+03 
3.435579e+05 2.373927e+03 1.570817e+03 1.731835e+03 
3.548134e+05 2.327839e+03 1.540372e+03 1.698622e+03 
3.664376e+05 2.282210e+03 1.510231e+03 1.665735e+03 
3.784426e+05 2.237057e+03 1.480406e+03 1.633187e+03 
3.908409e+05 2.192373e+03 1.450892e+03 1.600973e+03 
4.036454e+05 2.148157e+03 1.421689e+03 1.569092e+03 
4.168694e+05 2.104412e+03 1.392798e+03 1.537546e+03 
4.305266e+05 2.061138e+03 1.364219e+03 1.506336e+03 
4.446313e+05 2.018336e+03 1.335954e+03 1.475461e+03 
4.591980e+05 1.976009e+03 1.308003e+03 1.444923e+03 
4.742420e+05 1.934158e+03 1.280367e+03 1.414724e+03 
4.897788e+05 1.892784e+03 1.253047e+03 1.384864e+03 
5.058247e+05 1.851890e+03 1.226045e+03 1.355344e+03 
5.223962e+05 1.811477e+03 1.199362e+03 1.326167e+03 
5.395106e+05 1.771548e+03 1.172999e+03 1.297333e+03 
5.571857e+05 1.732105e+03 1.146958e+03 1.268844e+03 
5.754399e+05 1.693150e+03 1.121240e+03 1.240702e+03 
5.942922e+05 1.654687e+03 1.095847e+03 1.212909e+03 
6.137620e+05 1.616717e+03 1.070780e+03 1.185466e+03 
6.338697e+05 1.566904e+03 1.037868e+03 1.149324e+03 
6.546362e+05 1.530294e+03 1.013700e+03 1.122852e+03 
6.760830e+05 1.505807e+03 9.975605e+02 1.105257e+03 
6.982324e+05 1.469838e+03 9.738159e+02 1.079234e+03 
7.211075e+05 1.445217e+03 9.575917e+02 1.061544e+03 
7.447320e+05 1.399411e+03 9.273269e+02 1.028270e+03 
7.691304e+05 1.364972e+03 9.045928e+02 1.003334e+03 
7.943282e+05 1.331049e+03 8.821992e+02 9.787633e+02 
8.203515e+05 1.297644e+03 8.601478e+02 9.545615e+02 
8.472274e+05 1.264761e+03 8.384404e+02 9.307300e+02 
8.749838e+05 1.232401e+03 8.170786e+02 9.072710e+02 
9.036495e+05 1.200569e+03 7.960642e+02 8.841863e+02 
9.332543e+05 1.169265e+03 7.753986e+02 8.614779e+02 
9.638290e+05 1.138494e+03 7.550836e+02 8.391476e+02 
9.954054e+05 1.108256e+03 7.351204e+02 8.171971e+02 
1.028016e+06 1.078554e+03 7.155104e+02 7.956281e+02 
1.061696e+06 1.049390e+03 6.962549e+02 7.744422e+02 
1.096478e+06 1.020765e+03 6.773550e+02 7.536407e+02 
1.132400e+06 9.926817e+02 6.588116e+02 7.332249e+02 
1.169499e+06 9.651409e+02 6.406255e+02 7.131960e+02 
1.207814e+06 9.381436e+02 6.227974e+02 6.935548e+02 
1.247384e+06 9.116906e+02 6.053279e+02 6.743022e+02 
1.288250e+06 8.857824e+02 5.882171e+02 6.554386e+02 
1.330454e+06 8.604191e+02 5.714652e+02 6.369645e+02 
1.374042e+06 8.356008e+02 5.550721e+02 6.188799e+02 
1.419058e+06 8.113267e+02 5.390374e+02 6.011848e+02 
1.465548e+06 8.086292e+02 5.373371e+02 5.994714e+02 
1.513561e+06 7.847997e+02 5.216012e+02 5.821089e+02 
1.563148e+06 7.615716e+02 5.062539e+02 5.651550e+02 
1.614359e+06 7.198523e+02 4.786089e+02 5.344582e+02 
1.667247e+06 6.982737e+02 4.643490e+02 5.186947e+02 
1.721869e+06 6.590212e+02 4.383302e+02 4.897825e+02 
1.778279e+06 6.390241e+02 4.251129e+02 4.751612e+02 
1.836538e+06 6.195773e+02 4.122512e+02 4.609170e+02 
1.896706e+06 6.170858e+02 4.106770e+02 4.593001e+02 
1.958845e+06 5.981423e+02 3.981525e+02 4.454320e+02 
2.023019e+06 5.797112e+02 3.859655e+02 4.319330e+02 
2.089296e+06 5.617868e+02 3.741125e+02 4.187996e+02 
2.157744e+06 5.443634e+02 3.625893e+02 4.060275e+02 
2.228435e+06 5.274343e+02 3.513919e+02 3.936125e+02 
2.301442e+06 5.109926e+02 3.405158e+02 3.815497e+02 
2.376840e+06 4.950312e+02 3.299561e+02 3.698341e+02 
2.454709e+06 4.795423e+02 3.197078e+02 3.584604e+02 
2.535129e+06 4.645176e+02 3.097656e+02 3.474229e+02 
2.618183e+06 4.499488e+02 3.001239e+02 3.367156e+02 
2.703958e+06 4.358270e+02 2.907769e+02 3.263324e+02 
2.792544e+06 4.221430e+02 2.817186e+02 3.162667e+02 
2.884032e+06 4.088871e+02 2.729427e+02 3.065119e+02 
2.978516e+06 3.960497e+02 2.644428e+02 2.970609e+02 
3.076097e+06 3.836206e+02 2.562122e+02 2.879067e+02 
3.176874e+06 3.715895e+02 2.482442e+02 2.790419e+02 
3.280953e+06 3.599460e+02 2.405320e+02 2.704590e+02 
3.388442e+06 3.486793e+02 2.330684e+02 2.621504e+02 
3.499452e+06 3.377786e+02 2.258464e+02 2.541083e+02 
3.614099e+06 3.272330e+02 2.188587e+02 2.463250e+02 
3.732502e+06 3.170316e+02 2.120983e+02 2.387925e+02 
3.854784e+06 3.071635e+02 2.055578e+02 2.315030e+02 
3.981072e+06 2.976175e+02 1.992301e+02 2.244485e+02 
4.111497e+06 2.883828e+02 1.931078e+02 2.176212e+02 
4.246196e+06 2.794486e+02 1.871840e+02 2.110132e+02 
4.385307e+06 2.708042e+02 1.814515e+02 2.046168e+02 
4.528976e+06 2.624391e+02 1.759034e+02 1.984243e+02 
4.677351e+06 2.543428e+02 1.705328e+02 1.924282e+02 
4.830588e+06 2.465054e+02 1.653332e+02 1.866212e+02 
4.988845e+06 2.389169e+02 1.602978e+02 1.809961e+02 
5.152286e+06 2.315677e+02 1.554206e+02 1.755459e+02 
5.321083e+06 2.244486e+02 1.506952e+02 1.702639e+02 
5.495409e+06 2.175508e+02 1.461159e+02 1.651435e+02 
5.675446e+06 2.108655e+02 1.416769e+02 1.601786e+02 
5.861382e+06 2.043846e+02 1.373729e+02 1.553630e+02 
6.053409e+06 1.981003e+02 1.331985e+02 1.506912e+02 
6.251727e+06 1.920051e+02 1.291490e+02 1.461575e+02 
6.456542e+06 1.860919e+02 1.252197e+02 1.417570e+02 
6.668068e+06 1.803543e+02 1.214061e+02 1.374848e+02 
6.886523e+06 1.747862e+02 1.177044e+02 1.333365e+02 
7.112135e+06 1.744691e+02 1.175380e+02 1.331917e+02 
7.345139e+06 1.641337e+02 1.106201e+02 1.253936e+02 
7.585776e+06 1.590387e+02 1.072305e+02 1.215913e+02 
7.834296e+06 1.494946e+02 1.008377e+02 1.143799e+02 
8.090959e+06 1.492888e+02 1.007417e+02 1.143086e+02 
8.356030e+06 1.446251e+02 9.763657e+01 1.108218e+02 
8.629785e+06 1.400968e+02 9.462087e+01 1.074342e+02 
8.912509e+06 1.357005e+02 9.169221e+01 1.041432e+02 
9.204496e+06 1.314327e+02 8.884841e+01 1.009465e+02 
9.506048e+06 1.272969e+02 8.609046e+01 9.784421e+01 
9.817479e+06 1.232705e+02 8.340718e+01 9.482685e+01 
1.013911e+07 1.193703e+02 8.080595e+01 9.189975e+01 
1.047129e+07 1.155868e+02 7.828190e+01 8.905852e+01 
1.081434e+07 1.119176e+02 7.583331e+01 8.630128e+01 
1.116863e+07 1.083601e+02 7.345852e+01 8.362621e+01 
1.153453e+07 1.049117e+02 7.115586e+01 8.103151e+01 
1.191242e+07 1.015699e+02 6.892370e+01 7.851540e+01 
1.230269e+07 9.833220e+01 6.676041e+01 7.607608e+01 
1.270574e+07 9.519609e+01 6.466433e+01 7.371175e+01 
1.312200e+07 9.215901e+01 6.263380e+01 7.142060e+01 
1.355189e+07 8.921839e+01 6.066714e+01 6.920076e+01 
1.399587e+07 8.637161e+01 5.876263e+01 6.705037e+01 
1.445440e+07 8.361603e+01 5.691853e+01 6.496750e+01 
1.492794e+07 8.094894e+01 5.513308e+01 6.295021e+01 
1.541700e+07 7.836738e+01 5.340431e+01 6.099631e+01 
1.592209e+07 7.586917e+01 5.173081e+01 5.910425e+01 
1.644372e+07 7.345129e+01 5.011058e+01 5.727182e+01 
1.698244e+07 7.111151e+01 4.854215e+01 5.549739e+01 
1.753881e+07 6.884610e+01 4.702304e+01 5.377819e+01 
1.811340e+07 6.665292e+01 4.555184e+01 5.211265e+01 
1.870682e+07 6.452913e+01 4.412667e+01 5.049869e+01 
1.931968e+07 6.247264e+01 4.274615e+01 4.893476e+01 
1.995262e+07 6.048075e+01 4.140849e+01 4.741888e+01 
2.060630e+07 5.855111e+01 4.011213e+01 4.594930e+01 
2.128139e+07 5.668145e+01 3.885556e+01 4.452434e+01 
2.197860e+07 5.486964e+01 3.763738e+01 4.314243e+01 
2.269865e+07 5.311366e+01 3.645624e+01 4.180209e+01 
2.344229e+07 5.141163e+01 3.531090e+01 4.050191e+01 
2.421029e+07 4.976178e+01 3.420018e+01 3.924060e+01 
2.500345e+07 4.816246e+01 3.312301e+01 3.801695e+01 
2.582260e+07 4.661216e+01 3.207838e+01 3.682984e+01 
2.666859e+07 4.510944e+01 3.106534e+01 3.567824e+01 
2.754229e+07 4.365297e+01 3.008303e+01 3.456117e+01 
2.844461e+07 4.224152e+01 2.913063e+01 3.347773e+01 
2.937650e+07 4.087390e+01 2.820737e+01 3.242706e+01 
3.033891e+07 3.954898e+01 2.731250e+01 3.140836e+01 
3.133286e+07 3.960976e+01 2.737421e+01 3.148937e+01 
3.235937e+07 3.702289e+01 2.560511e+01 2.946369e+01 
3.341950e+07 3.581961e+01 2.479121e+01 2.853619e+01 
3.451437e+07 3.465475e+01 2.400291e+01 2.763756e+01 
3.564511e+07 3.352727e+01 2.323953e+01 2.676703e+01 
3.681290e+07 3.243609e+01 2.250035e+01 2.592382e+01 
3.801894e+07 3.138012e+01 2.178467e+01 2.510714e+01 
3.926449e+07 3.035828e+01 2.109176e+01 2.431617e+01 
4.055085e+07 2.936939e+01 2.042085e+01 2.355006e+01 
4.187936e+07 2.841254e+01 1.977134e+01 2.280813e+01 
4.325138e+07 2.748645e+01 1.914237e+01 2.208942e+01 
4.466836e+07 2.659013e+01 1.853330e+01 2.139321e+01 
4.613176e+07 2.572239e+01 1.794331e+01 2.071858e+01 
4.764310e+07 2.488235e+01 1.737184e+01 2.006490e+01 
4.920395e+07 2.406898e+01 1.681819e+01 1.943139e+01 
5.081594e+07 2.328133e+01 1.628174e+01 1.881735e+01 
5.248075e+07 2.251854e+01 1.576191e+01 1.822212e+01 
5.420009e+07 2.177979e+01 1.525815e+01 1.764510e+01 
5.597576e+07 2.106430e+01 1.476996e+01 1.708571e+01 
5.780960e+07 2.037136e+01 1.429686e+01 1.654342e+01 
5.970353e+07 1.970032e+01 1.383841e+01 1.601775e+01 
6.165950e+07 1.905054e+01 1.339421e+01 1.550824e+01 
6.367955e+07 1.842144e+01 1.296387e+01 1.501445e+01 
6.576578e+07 1.781246e+01 1.254701e+01 1.453598e+01 
6.792036e+07 1.722304e+01 1.214329e+01 1.407242e+01 
7.014553e+07 1.665265e+01 1.175234e+01 1.362337e+01 
7.244360e+07 1.610076e+01 1.137382e+01 1.318845e+01 
7.481695e+07 1.556681e+01 1.100736e+01 1.276724e+01 
7.726806e+07 1.505026e+01 1.065260e+01 1.235934e+01 
7.979947e+07 1.455055e+01 1.030917e+01 1.196435e+01 
8.241381e+07 1.406714e+01 9.976714e+00 1.158184e+01 
8.511380e+07 1.359946e+01 9.654852e+00 1.121140e+01 
8.790225e+07 1.314698e+01 9.343221e+00 1.085261e+01 
9.078205e+07 1.270914e+01 9.041462e+00 1.050507e+01 
9.375620e+07 1.228544e+01 8.749231e+00 1.016839e+01 
9.682779e+07 1.187539e+01 8.466200e+00 9.842200e+00 
1.000000e+08 1.147853e+01 8.192060e+00 9.526150e+00 
1.032761e+08 1.112920e+01 7.943787e+00 9.237755e+00 
1.066596e+08 1.072265e+01 7.669321e+00 8.923192e+00 
1.101539e+08 1.036287e+01 7.420207e+00 8.635703e+00 
1.137627e+08 1.001470e+01 7.178949e+00 8.357186e+00 
1.174898e+08 9.677835e+00 6.945326e+00 8.087394e+00 
1.213389e+08 9.351939e+00 6.719129e+00 7.826091e+00 
1.253141e+08 9.036703e+00 6.500151e+00 7.573042e+00 
1.294196e+08 8.731813e+00 6.288184e+00 7.328016e+00 
1.336596e+08 8.436958e+00 6.083022e+00 7.090778e+00 
1.380384e+08 8.151820e+00 5.884454e+00 6.861091e+00 
1.425608e+08 7.876084e+00 5.692269e+00 6.638715e+00 
1.472313e+08 7.609429e+00 5.506253e+00 6.423406e+00 
1.520548e+08 7.351541e+00 5.326194e+00 6.214925e+00 
1.570363e+08 7.102113e+00 5.151887e+00 6.013038e+00 
1.621810e+08 6.860852e+00 4.983134e+00 5.817521e+00 
1.674943e+08 6.627478e+00 4.819747e+00 5.628160e+00 
1.729816e+08 6.401731e+00 4.661552e+00 5.444757e+00 
1.786488e+08 6.183368e+00 4.508387e+00 5.267127e+00 
1.845015e+08 5.972163e+00 4.360100e+00 5.095101e+00 
1.905461e+08 5.767902e+00 4.216551e+00 4.928517e+00 
1.967886e+08 5.570382e+00 4.077604e+00 4.767223e+00 
2.032357e+08 5.379405e+00 3.943128e+00 4.611070e+00 
2.098940e+08 5.194776e+00 3.812993e+00 4.459910e+00 
2.167704e+08 5.016296e+00 3.687067e+00 4.313594e+00 
2.238721e+08 4.843768e+00 3.565218e+00 4.171971e+00 
2.312065e+08 4.676993e+00 3.447311e+00 4.034887e+00 
2.387811e+08 4.515773e+00 3.333213e+00 3.902192e+00 
2.466039e+08 4.359914e+00 3.222794e+00 3.773735e+00 
2.546830e+08 4.209230e+00 3.115928e+00 3.649373e+00 
2.630268e+08 4.063885e+00 3.012747e+00 3.529265e+00 
2.716439e+08 3.922698e+00 2.912387e+00 3.412402e+00 
2.805434e+08 3.786532e+00 2.815498e+00 3.299550e+00 
2.897344e+08 3.654145e+00 2.721169e+00 3.189641e+00 
2.992265e+08 3.527678e+00 2.631004e+00 3.084560e+00 
3.090295e+08 3.404721e+00 2.543219e+00 2.982219e+00 
3.191538e+08 3.285903e+00 2.458290e+00 2.883180e+00 
3.296097e+08 3.171092e+00 2.376131e+00 2.787341e+00 
3.404082e+08 3.060155e+00 2.296651e+00 2.694602e+00 
3.515604e+08 2.952913e+00 2.219727e+00 2.604818e+00 
3.630781e+08 2.849377e+00 2.145373e+00 2.518010e+00 
3.749730e+08 2.749282e+00 2.073402e+00 2.433960e+00 
3.872576e+08 2.652554e+00 2.003765e+00 2.352613e+00 
3.999447e+08 2.559083e+00 1.936390e+00 2.273886e+00 
4.130475e+08 2.468766e+00 1.871205e+00 2.197697e+00 
4.265795e+08 2.381505e+00 1.808145e+00 2.123971e+00 
4.405549e+08 2.297205e+00 1.747147e+00 2.052637e+00 
4.549881e+08 2.215776e+00 1.688149e+00 1.983623e+00 
4.698941e+08 2.137125e+00 1.631089e+00 1.916858e+00 
4.852885e+08 2.061159e+00 1.575905e+00 1.852270e+00 
5.011872e+08 1.987787e+00 1.522533e+00 1.789787e+00 
5.176068e+08 1.916918e+00 1.470912e+00 1.729338e+00 
5.345644e+08 1.848467e+00 1.420983e+00 1.670855e+00 
5.520774e+08 1.782350e+00 1.372689e+00 1.614274e+00 
5.701643e+08 1.718493e+00 1.325980e+00 1.559534e+00 
5.888437e+08 1.656822e+00 1.280806e+00 1.506581e+00 
6.081350e+08 1.597009e+00 1.236918e+00 1.455122e+00 
6.280584e+08 1.539770e+00 1.194880e+00 1.405820e+00 
6.486344e+08 1.484255e+00 1.154037e+00 1.357909e+00 
6.698846e+08 1.430659e+00 1.114547e+00 1.311574e+00 
6.918310e+08 1.378915e+00 1.076365e+00 1.266762e+00 
7.144963e+08 1.328958e+00 1.039446e+00 1.223422e+00 
7.379042e+08 1.280727e+00 1.003747e+00 1.181506e+00 
7.620790e+08 1.234164e+00 9.692294e-01 1.140967e+00 
7.870458e+08 1.189216e+00 9.358557e-01 1.101762e+00 
8.128305e+08 1.145830e+00 9.035910e-01 1.063852e+00 
8.394600e+08 1.103957e+00 8.724013e-01 1.027198e+00 
8.669619e+08 1.063546e+00 8.422524e-01 9.917583e-01 
8.953648e+08 1.024549e+00 8.131102e-01 9.574952e-01 
9.246982e+08 9.869156e-01 7.849406e-01 9.243687e-01 
9.549926e+08 9.505987e-01 7.577106e-01 8.923407e-01 
9.862795e+08 9.155530e-01 7.313890e-01 8.613749e-01 
1.018591e+09 8.817360e-01 7.059466e-01 8.314376e-01 
1.051962e+09 8.492423e-01 6.814639e-01 8.026241e-01 
1.086426e+09 8.176300e-01 6.575908e-01 7.745224e-01 
1.122018e+09 7.872644e-01 6.346247e-01 7.474836e-01 
1.158777e+09 7.578873e-01 6.123622e-01 7.212684e-01 
1.196741e+09 7.297190e-01 5.909854e-01 6.960918e-01 
1.235947e+09 7.024655e-01 5.702609e-01 6.716791e-01 
1.276439e+09 6.761782e-01 5.502340e-01 6.480842e-01 
1.318257e+09 6.508247e-01 5.308822e-01 6.252810e-01 
1.361445e+09 6.263740e-01 5.121842e-01 6.032447e-01 
1.406048e+09 6.027960e-01 4.941192e-01 5.819510e-01 
1.452112e+09 5.800612e-01 4.766664e-01 5.613760e-01 
1.499685e+09 5.581403e-01 4.598056e-01 5.414959e-01 
1.548817e+09 5.370050e-01 4.435169e-01 5.222875e-01 
1.599558e+09 5.166284e-01 4.277814e-01 5.037291e-01 
1.651962e+09 4.969849e-01 4.125814e-01 4.857999e-01 
1.706082e+09 4.780500e-01 3.978998e-01 4.684800e-01 
1.761976e+09 4.597994e-01 3.837197e-01 4.517497e-01 
1.819701e+09 4.422088e-01 3.700238e-01 4.355887e-01 
1.879317e+09 4.252542e-01 3.567951e-01 4.199774e-01 
1.940886e+09 4.089128e-01 3.440175e-01 4.048968e-01 
2.004472e+09 3.931637e-01 3.316765e-01 3.903299e-01 
2.070141e+09 3.779885e-01 3.197590e-01 3.762617e-01 
2.137962e+09 3.633693e-01 3.082531e-01 3.626782e-01 
2.208005e+09 3.492883e-01 2.971463e-01 3.495646e-01 
2.280342e+09 3.357258e-01 2.864246e-01 3.369047e-01 
2.355049e+09 3.226609e-01 2.760727e-01 3.246807e-01 
2.432204e+09 3.100728e-01 2.660754e-01 3.128746e-01 
2.511886e+09 2.979427e-01 2.564191e-01 3.014705e-01 
2.594179e+09 2.862554e-01 2.470930e-01 2.904558e-01 
2.679168e+09 2.749996e-01 2.380897e-01 2.798219e-01 
2.766942e+09 2.641654e-01 2.294031e-01 2.695617e-01 
2.857591e+09 2.537417e-01 2.210258e-01 2.596663e-01 
2.951209e+09 2.437860e-01 2.130104e-01 2.501977e-01 
3.047895e+09 2.340599e-01 2.051510e-01 2.409139e-01 
3.147748e+09 2.247608e-01 1.976219e-01 2.320200e-01 
3.250873e+09 2.157982e-01 1.903461e-01 2.234251e-01 
3.357376e+09 2.071619e-01 1.833164e-01 2.151211e-01 
3.467369e+09 1.988489e-01 1.765320e-01 2.071070e-01 
3.580964e+09 1.908582e-01 1.699941e-01 1.993841e-01 
3.698282e+09 1.831836e-01 1.636992e-01 1.919482e-01 
3.819443e+09 1.758095e-01 1.576353e-01 1.847854e-01 
3.944573e+09 1.687137e-01 1.517847e-01 1.778747e-01 
4.073803e+09 1.618756e-01 1.461301e-01 1.711960e-01 
4.207266e+09 1.552833e-01 1.406625e-01 1.647387e-01 
4.345102e+09 1.489353e-01 1.353821e-01 1.585028e-01 
4.487454e+09 1.428342e-01 1.302929e-01 1.524932e-01 
4.634469e+09 1.369787e-01 1.253955e-01 1.467102e-01 
4.786301e+09 1.313021e-01 1.206302e-01 1.410845e-01 
4.943107e+09 1.259590e-01 1.161408e-01 1.357836e-01 
5.105050e+09 1.207634e-01 1.117578e-01 1.306095e-01 
5.272299e+09 1.158155e-01 1.075752e-01 1.256721e-01 
5.445027e+09 1.109466e-01 1.034377e-01 1.207896e-01 
5.623413e+09 1.063166e-01 9.949487e-02 1.161371e-01 
5.807644e+09 1.018681e-01 9.569494e-02 1.116538e-01 
5.997911e+09 9.759732e-02 9.203572e-02 1.073371e-01 
6.194411e+09 9.349920e-02 8.851375e-02 1.031829e-01 
6.397348e+09 8.956624e-02 8.512330e-02 9.918441e-02 
6.606934e+09 8.578867e-02 8.185638e-02 9.533230e-02 
6.823387e+09 8.210012e-02 7.865064e-02 9.155390e-02 
7.046931e+09 7.858576e-02 7.558848e-02 8.794509e-02 
7.277798e+09 7.522124e-02 7.264711e-02 8.447935e-02 
7.516229e+09 7.204701e-02 6.986842e-02 8.120508e-02 
7.762471e+09 6.898775e-02 6.718040e-02 7.803852e-02 
8.016781e+09 6.605382e-02 6.459417e-02 7.499249e-02 
8.279422e+09 6.323443e-02 6.210022e-02 7.205589e-02 
8.550667e+09 6.051760e-02 5.968770e-02 6.921604e-02 
8.830799e+09 5.789466e-02 5.734883e-02 6.646391e-02 
9.120108e+09 5.536330e-02 5.508200e-02 6.379757e-02 
9.418896e+09 5.292598e-02 5.289041e-02 6.122068e-02 
9.727472e+09 5.058549e-02 5.077768e-02 5.873737e-02 
1.004616e+10 4.834183e-02 4.874473e-02 5.634863e-02 
1.037528e+10 4.619263e-02 4.679009e-02 5.405266e-02 
1.071519e+10 4.413485e-02 4.491162e-02 5.184690e-02 
1.106624e+10 4.216549e-02 4.310719e-02 4.972880e-02 
1.142878e+10 4.028164e-02 4.137473e-02 4.769588e-02 
1.180321e+10 3.848088e-02 3.971265e-02 4.574619e-02 
1.218990e+10 3.676116e-02 3.811972e-02 4.387823e-02 
1.258925e+10 3.511944e-02 3.659370e-02 4.208932e-02 
1.300170e+10 3.355055e-02 3.513006e-02 4.037414e-02 
1.342765e+10 3.204782e-02 3.372260e-02 3.872546e-02 
1.386756e+10 3.060485e-02 3.236526e-02 3.713625e-02 
1.432188e+10 2.921674e-02 3.105344e-02 3.560118e-02 
1.479108e+10 2.788052e-02 2.978453e-02 3.411721e-02 
1.527566e+10 2.659524e-02 2.855803e-02 3.268370e-02 
1.577611e+10 2.536128e-02 2.737486e-02 3.130166e-02 
1.629296e+10 2.417908e-02 2.623609e-02 2.997224e-02 
1.682674e+10 2.304822e-02 2.514189e-02 2.869556e-02 
1.737801e+10 2.196739e-02 2.409145e-02 2.747061e-02 
1.794734e+10 2.093474e-02 2.308335e-02 2.629570e-02 
1.853532e+10 1.994828e-02 2.211603e-02 2.516896e-02 
1.914256e+10 1.900631e-02 2.118819e-02 2.408882e-02 
1.976970e+10 1.810754e-02 2.029897e-02 2.305423e-02 
2.041738e+10 1.725071e-02 1.944756e-02 2.206420e-02 
2.108628e+10 1.643401e-02 1.863249e-02 2.111696e-02 
2.177710e+10 1.565476e-02 1.785129e-02 2.020962e-02 
2.249055e+10 1.490985e-02 1.710091e-02 1.933867e-02 
2.322737e+10 1.419641e-02 1.637851e-02 1.850083e-02 
2.398833e+10 1.351219e-02 1.568189e-02 1.769355e-02 
2.477422e+10 1.285545e-02 1.500943e-02 1.691496e-02 
2.558586e+10 1.222532e-02 1.436045e-02 1.616424e-02 
2.642409e+10 1.162200e-02 1.373553e-02 1.544201e-02 
2.728978e+10 1.104604e-02 1.313573e-02 1.474939e-02 
2.818383e+10 1.049728e-02 1.256130e-02 1.408659e-02 
2.910717e+10 9.974655e-03 1.201138e-02 1.345259e-02 
3.006076e+10 9.476866e-03 1.148485e-02 1.284605e-02 
3.104560e+10 9.002860e-03 1.098082e-02 1.226593e-02 
3.206269e+10 8.551589e-03 1.049842e-02 1.171116e-02 
3.311311e+10 8.121818e-03 1.003651e-02 1.118044e-02 
3.419794e+10 7.712322e-03 9.593955e-03 1.067241e-02 
3.531832e+10 7.322086e-03 9.169825e-03 1.018600e-02 
3.647539e+10 6.950270e-03 8.763404e-03 9.720350e-03 
3.767038e+10 6.595872e-03 8.373752e-03 9.274363e-03 
3.890451e+10 6.257605e-03 7.999540e-03 8.846517e-03 
4.017908e+10 5.934215e-03 7.639437e-03 8.435293e-03 
4.149540e+10 5.624876e-03 7.292628e-03 8.039751e-03 
4.285485e+10 5.329401e-03 6.959112e-03 7.659853e-03 
4.425884e+10 5.047889e-03 6.639279e-03 7.295983e-03 
4.570882e+10 4.780314e-03 6.333370e-03 6.948357e-03 
4.720630e+10 4.526376e-03 6.041277e-03 6.616804e-03 
4.875285e+10 4.285498e-03 5.762518e-03 6.300740e-03 
5.035006e+10 4.057029e-03 5.496500e-03 5.999466e-03 
5.199960e+10 3.840255e-03 5.242522e-03 5.712164e-03 
5.370318e+10 3.634359e-03 4.999725e-03 5.437852e-03 
5.546257e+10 3.438503e-03 4.767189e-03 5.175483e-03 
5.727960e+10 3.252015e-03 4.544195e-03 4.924238e-03 
6.109420e+10 2.905672e-03 4.125571e-03 4.453609e-03 
6.309573e+10 2.745255e-03 3.929547e-03 4.233724e-03 
6.516284e+10 2.592852e-03 3.741942e-03 4.023602e-03 
6.729767e+10 2.447990e-03 3.562269e-03 3.822682e-03 
6.950243e+10 2.310292e-03 3.390155e-03 3.630530e-03 
7.177943e+10 2.179557e-03 3.225479e-03 3.446985e-03 
7.413102e+10 2.055715e-03 3.068318e-03 3.272092e-03 
7.655966e+10 1.938598e-03 2.918607e-03 3.105744e-03 
7.906786e+10 1.827888e-03 2.776055e-03 2.947596e-03 
8.165824e+10 1.723210e-03 2.640272e-03 2.797193e-03 
8.433348e+10 1.624160e-03 2.510809e-03 2.654028e-03 
8.709636e+10 1.530336e-03 2.387201e-03 2.517575e-03 
8.994976e+10 1.441357e-03 2.269003e-03 2.387335e-03 
9.289664e+10 1.356920e-03 2.155868e-03 2.262919e-03 
9.594006e+10 1.276787e-03 2.047551e-03 2.144042e-03 
9.908319e+10 1.200804e-03 1.943928e-03 2.030549e-03 
1.023293e+11 1.128892e-03 1.844994e-03 1.922413e-03 
1.056818e+11 1.060994e-03 1.750789e-03 1.819645e-03 
1.091440e+11 9.969656e-04 1.661209e-03 1.722110e-03 
1.127197e+11 9.365602e-04 1.575975e-03 1.629489e-03 
1.164126e+11 8.795310e-04 1.494792e-03 1.541455e-03 
1.202264e+11 8.256812e-04 1.417442e-03 1.457756e-03 
1.241652e+11 7.748711e-04 1.343798e-03 1.378237e-03 
1.282331e+11 7.269546e-04 1.273714e-03 1.302728e-03 
1.324342e+11 6.817621e-04 1.207001e-03 1.231011e-03 
1.367729e+11 6.391276e-04 1.143464e-03 1.162867e-03 
1.412538e+11 5.988847e-04 1.082903e-03 1.098070e-03 
1.458814e+11 5.608911e-04 1.025150e-03 1.036432e-03 
1.506607e+11 5.250433e-04 9.701020e-04 9.778311e-04 
1.555966e+11 4.912650e-04 9.177040e-04 9.221933e-04 
1.606941e+11 4.594797e-04 8.678993e-04 8.694429e-04 
1.659587e+11 4.296000e-04 8.206088e-04 8.194823e-04 
1.713957e+11 4.015381e-04 7.757483e-04 7.722088e-04 
1.770109e+11 3.752058e-04 7.332307e-04 7.275175e-04 
1.828100e+11 3.504956e-04 6.929266e-04 6.852622e-04 
1.887991e+11 3.272785e-04 6.546563e-04 6.452484e-04 
1.949845e+11 3.054301e-04 6.182405e-04 6.072844e-04 
2.013724e+11 2.848648e-04 5.835688e-04 5.712483e-04 
2.079697e+11 2.655340e-04 5.506032e-04 5.370896e-04 
2.147830e+11 2.473959e-04 5.193194e-04 5.047712e-04 
2.218196e+11 2.304021e-04 4.896782e-04 4.742411e-04 
2.290868e+11 2.144897e-04 4.616080e-04 4.454164e-04 
2.365920e+11 1.995946e-04 4.350301e-04 4.182079e-04 
2.443431e+11 1.856496e-04 4.098553e-04 3.925171e-04 
2.523481e+11 1.725970e-04 3.860104e-04 3.682621e-04 
2.606154e+11 1.603882e-04 3.634387e-04 3.453771e-04 
2.691535e+11 1.489735e-04 3.420786e-04 3.237924e-04 
2.779713e+11 1.383014e-04 3.218608e-04 3.034315e-04 
2.870781e+11 1.283208e-04 3.027122e-04 2.842154e-04 
2.964831e+11 1.189901e-04 2.845786e-04 2.660835e-04 
3.061963e+11 1.102751e-04 2.674207e-04 2.489898e-04 
3.162278e+11 1.021420e-04 2.511980e-04 2.328874e-04 
3.265878e+11 9.455749e-05 2.358693e-04 2.177291e-04 
3.372873e+11 8.749050e-05 2.213961e-04 2.034707e-04 
3.483373e+11 8.091417e-05 2.077487e-04 1.900765e-04 
3.597493e+11 7.479968e-05 1.948906e-04 1.775047e-04 
3.715352e+11 6.793506e-05 1.796543e-04 1.628753e-04 
3.837072e+11 6.381644e-05 1.713188e-04 1.545932e-04 
3.962780e+11 5.888474e-05 1.605017e-04 1.441459e-04 
4.092607e+11 5.429547e-05 1.502869e-04 1.343228e-04 
4.226686e+11 5.003181e-05 1.406569e-04 1.251021e-04 
4.365158e+11 4.607763e-05 1.315949e-04 1.164625e-04 
4.508167e+11 4.241440e-05 1.230766e-04 1.083761e-04 
4.655861e+11 3.902156e-05 1.150698e-04 1.008086e-04 
4.808393e+11 3.587764e-05 1.075369e-04 9.372131e-05 
4.965923e+11 3.296478e-05 1.004487e-04 8.708346e-05 
5.128614e+11 3.026844e-05 9.378403e-05 8.087165e-05 
5.296634e+11 2.777258e-05 8.751547e-05 7.505740e-05 
5.470160e+11 2.546560e-05 8.162791e-05 6.962308e-05 
5.649370e+11 2.333376e-05 7.609793e-05 6.454425e-05 
5.834451e+11 2.136556e-05 7.090776e-05 5.980155e-05 
6.025596e+11 1.955055e-05 6.604178e-05 5.537768e-05 
6.223003e+11 1.787788e-05 6.148192e-05 5.125348e-05 
6.426877e+11 1.633674e-05 5.720857e-05 4.740878e-05 
6.637431e+11 1.491781e-05 5.320573e-05 4.382677e-05 
6.854882e+11 1.361235e-05 4.945828e-05 4.049153e-05 
7.079458e+11 1.241194e-05 4.595101e-05 3.738734e-05 
7.311391e+11 1.130835e-05 4.266796e-05 3.449812e-05 
7.550922e+11 1.029430e-05 3.959543e-05 3.180987e-05 
7.798301e+11 9.363674e-06 3.672312e-05 2.931152e-05 
8.053784e+11 8.510830e-06 3.404165e-05 2.699292e-05 
8.317638e+11 7.730195e-06 3.154111e-05 2.484359e-05 
8.590135e+11 7.015999e-06 2.920983e-05 2.285183e-05 
8.871560e+11 6.362497e-06 2.703506e-05 2.100532e-05 
9.162205e+11 5.764561e-06 2.500542e-05 1.929308e-05 
9.462372e+11 5.217964e-06 2.311242e-05 1.770652e-05 
9.772372e+11 4.719146e-06 2.134977e-05 1.623887e-05 
1.009253e+12 4.264588e-06 1.971075e-05 1.488313e-05 
1.042317e+12 3.850707e-06 1.818764e-05 1.363167e-05 
1.076465e+12 3.473910e-06 1.677182e-05 1.247631e-05 
1.111732e+12 3.131097e-06 1.545613e-05 1.141014e-05 
1.148154e+12 2.819475e-06 1.423421e-05 1.042699e-05 
1.185769e+12 2.536432e-06 1.309994e-05 9.520937e-06 
1.224616e+12 2.279607e-06 1.204782e-05 8.686662e-06 
1.264736e+12 2.046846e-06 1.107282e-05 7.919281e-06 
1.306171e+12 1.836145e-06 1.017020e-05 7.214192e-06 
1.348963e+12 1.645551e-06 9.334929e-06 6.566688e-06 
1.393157e+12 1.473248e-06 8.562128e-06 5.972282e-06 
1.438799e+12 1.317527e-06 7.847145e-06 5.426693e-06 
1.485936e+12 1.177232e-06 7.187425e-06 4.927349e-06 
1.534617e+12 1.050705e-06 6.578018e-06 4.469836e-06 
1.584893e+12 9.367793e-07 6.015765e-06 4.051227e-06 
1.636817e+12 8.343041e-07 5.497376e-06 3.668532e-06 
1.690441e+12 7.422346e-07 5.019835e-06 3.319010e-06 
1.745822e+12 6.596149e-07 4.580343e-06 3.000126e-06 
1.803018e+12 5.855501e-07 4.176145e-06 2.709434e-06 
1.862087e+12 5.191985e-07 3.804487e-06 2.444548e-06 
1.923092e+12 4.598143e-07 3.462940e-06 2.203353e-06 
1.986095e+12 4.067341e-07 3.149362e-06 1.983970e-06 
2.051162e+12 3.593707e-07 2.861912e-06 1.784752e-06 
2.118361e+12 3.171604e-07 2.598659e-06 1.604037e-06 
2.187762e+12 2.795643e-07 2.357587e-06 1.440155e-06 
2.259436e+12 2.461067e-07 2.136906e-06 1.291622e-06 
2.333458e+12 2.163744e-07 1.935107e-06 1.157164e-06 
2.409905e+12 1.899928e-07 1.750804e-06 1.035615e-06 
2.488857e+12 1.666162e-07 1.582653e-06 9.258621e-07 
2.570396e+12 1.459242e-07 1.429333e-06 8.268408e-07 
2.654606e+12 1.276306e-07 1.289647e-06 7.375886e-07 
2.741574e+12 1.114768e-07 1.162479e-06 6.572170e-07 
2.831392e+12 9.723352e-08 1.046834e-06 5.849343e-07 
2.924152e+12 8.469362e-08 9.417874e-07 5.200097e-07 
3.019952e+12 7.366930e-08 8.464711e-07 4.617661e-07 
3.118890e+12 6.398700e-08 7.600239e-07 4.095521e-07 
3.221069e+12 5.549319e-08 6.816695e-07 3.627835e-07 
3.326596e+12 4.805283e-08 6.107198e-07 3.209417e-07 
3.435579e+12 4.154703e-08 5.465679e-07 2.835677e-07 
3.548134e+12 3.586876e-08 4.886490e-07 2.502388e-07 
3.664376e+12 3.091998e-08 4.364114e-07 2.205533e-07 
3.784426e+12 2.661347e-08 3.893478e-07 1.941459e-07 
3.908409e+12 2.287045e-08 3.469746e-07 1.706761e-07 
4.036454e+12 1.961713e-08 3.088050e-07 1.498108e-07 
4.168694e+12 1.680460e-08 2.745747e-07 1.313509e-07 
4.305266e+12 1.436641e-08 2.437849e-07 1.149715e-07 
4.446313e+12 1.226075e-08 2.161808e-07 1.004892e-07 
4.591980e+12 1.044651e-08 1.914834e-07 8.771185e-08 
4.742420e+12 8.886279e-09 1.694202e-07 7.645760e-08 
4.897788e+12 7.546462e-09 1.497286e-07 6.655638e-08 
5.058247e+12 6.397200e-09 1.321611e-07 5.785179e-08 
5.223962e+12 5.412408e-09 1.164923e-07 5.020370e-08 
5.395106e+12 4.569796e-09 1.025271e-07 4.349090e-08 
5.571857e+12 3.850521e-09 9.010235e-08 3.761093e-08 
5.754399e+12 3.238305e-09 7.907714e-08 3.247453e-08 
5.942922e+12 2.718563e-09 6.931652e-08 2.799859e-08 
6.137620e+12 2.278086e-09 6.068588e-08 2.410373e-08 
6.338697e+12 1.905248e-09 5.305819e-08 2.071730e-08 
6.546362e+12 1.590553e-09 4.632978e-08 1.777975e-08 
6.760830e+12 1.324082e-09 4.037285e-08 1.522270e-08 
6.982324e+12 1.100137e-09 3.513300e-08 1.301226e-08 
7.211075e+12 9.120509e-10 3.052497e-08 1.110223e-08 
7.447320e+12 7.544678e-10 2.648025e-08 9.455278e-09 
7.691304e+12 6.227734e-10 2.293709e-08 8.038338e-09 
7.943282e+12 5.129672e-10 1.983868e-08 6.821692e-09 
8.203515e+12 4.215898e-10 1.713265e-08 5.778663e-09 
8.472274e+12 3.456903e-10 1.477189e-08 4.885753e-09 
8.749838e+12 2.827613e-10 1.271426e-08 4.122365e-09 
9.036495e+12 2.307017e-10 1.092334e-08 3.470853e-09 
9.332543e+12 1.877455e-10 9.367421e-09 2.916023e-09 
9.638290e+12 1.524051e-10 8.018817e-09 2.444754e-09 
9.954054e+12 1.234164e-10 6.852726e-09 2.045521e-09 
1.028016e+13 9.969615e-11 5.846245e-09 1.708012e-09 
1.061696e+13 8.033031e-11 4.978783e-09 1.423196e-09 
1.096478e+13 6.455659e-11 4.232258e-09 1.183294e-09 
1.132400e+13 5.173739e-11 3.590657e-09 9.815717e-10 
1.169499e+13 4.134548e-11 3.040119e-09 8.122924e-10 
1.207814e+13 3.294527e-11 2.568648e-09 6.705724e-10 
1.247384e+13 2.617670e-11 2.165880e-09 5.522539e-10 
1.288250e+13 2.074023e-11 1.822662e-09 4.537486e-10 
1.330454e+13 1.638653e-11 1.530826e-09 3.719442e-10 
1.374042e+13 1.290923e-11 1.283124e-09 3.041563e-10 
1.419058e+13 1.013929e-11 1.073240e-09 2.481026e-10 
1.465548e+13 7.938733e-12 8.956947e-10 2.018496e-10 
1.513561e+13 6.195666e-12 7.457966e-10 1.637744e-10 
1.563148e+13 4.819489e-12 6.195321e-10 1.325166e-10 
1.614359e+13 3.736809e-12 5.134574e-10 1.069333e-10 
1.667247e+13 2.888023e-12 4.245824e-10 8.605796e-11 
1.721869e+13 2.224773e-12 3.502939e-10 6.907103e-11 
1.778279e+13 1.708144e-12 2.883328e-10 5.528426e-11 
1.836538e+13 1.306943e-12 2.367537e-10 4.412180e-11 
1.896706e+13 9.963892e-13 1.939076e-10 3.510769e-11 
1.958845e+13 7.568263e-13 1.583976e-10 2.784878e-11 
2.023019e+13 5.727390e-13 1.290504e-10 2.202241e-11 
2.089296e+13 4.318287e-13 1.048659e-10 1.736132e-11 
2.157744e+13 3.243861e-13 8.499327e-11 1.364479e-11 
2.228435e+13 2.427642e-13 6.870633e-11 1.069052e-11 
2.301442e+13 1.809786e-13 5.539004e-11 8.348998e-12 
2.376840e+13 1.343784e-13 4.452860e-11 6.498584e-12 
2.454709e+13 9.936521e-14 3.569186e-11 5.040793e-12 
2.535129e+13 7.316831e-14 2.852384e-11 3.896353e-12 
2.618183e+13 5.365185e-14 2.272747e-11 3.001165e-12 
2.703958e+13 3.917682e-14 1.805579e-11 2.303604e-12 
2.792544e+13 2.848576e-14 1.430172e-11 1.761939e-12 
2.884032e+13 2.064257e-14 1.130483e-11 1.344095e-12 
2.978516e+13 1.486194e-14 8.889813e-12 1.019460e-12 
3.076097e+13 1.066123e-14 6.974742e-12 7.710105e-13 
3.176874e+13 7.628040e-15 5.465520e-12 5.820475e-13 
3.280953e+13 5.411687e-15 4.254961e-12 4.361675e-13 
3.388442e+13 3.826476e-15 3.304568e-12 3.259258e-13 
3.499452e+13 2.686426e-15 2.551877e-12 2.420138e-13 
3.614099e+13 1.879882e-15 1.966959e-12 1.792601e-13 
3.732502e+13 1.309135e-15 1.510912e-12 1.322414e-13 
3.854784e+13 9.068200e-16 1.156088e-12 9.711451e-14 
3.981072e+13 6.259768e-16 8.828586e-13 7.113201e-14 
4.111497e+13 4.301122e-16 6.720318e-13 5.190084e-14 
4.246196e+13 2.936839e-16 5.093972e-13 3.767603e-14 
4.385307e+13 1.992348e-16 3.842189e-13 2.719675e-14 
4.528976e+13 1.343985e-16 2.886494e-13 1.953982e-14 
4.677351e+13 9.013666e-17 2.159643e-13 1.397070e-14 
4.830588e+13 6.009252e-17 1.608996e-13 9.939139e-15 
4.988845e+13 3.982362e-17 1.193675e-13 7.035665e-15 
5.152286e+13 2.623349e-17 8.818232e-14 4.955507e-15 
5.321083e+13 1.717554e-17 6.486429e-14 3.472586e-15 
5.495409e+13 1.117458e-17 4.750115e-14 2.420681e-15 
5.675446e+13 7.237794e-18 3.469578e-14 1.681652e-15 
5.861382e+13 4.649909e-18 2.518533e-14 1.160022e-15 
6.053409e+13 2.958263e-18 1.815464e-14 7.936687e-16 
6.251727e+13 1.869909e-18 1.301862e-14 5.398869e-16 
6.456542e+13 1.175562e-18 9.302928e-15 3.656582e-16 
6.668068e+13 7.340781e-19 6.615876e-15 2.462576e-16 
6.886523e+13 4.554294e-19 4.683556e-15 1.649509e-16 
7.112135e+13 2.809574e-19 3.303463e-15 1.099875e-16 
7.345139e+13 1.722435e-19 2.320497e-15 7.296901e-17 
7.585776e+13 1.046164e-19 1.619457e-15 4.803722e-17 
7.834296e+13 6.287484e-20 1.120896e-15 3.133218e-17 
8.090959e+13 3.755498e-20 7.728295e-16 2.033675e-17 
8.356030e+13 2.232759e-20 5.311232e-16 1.314891e-17 
8.629785e+13 1.314446e-20 3.627144e-16 8.435119e-18 
8.912509e+13 7.652680e-21 2.455753e-16 5.358800e-18 
9.204496e+13 4.416749e-21 1.652272e-16 3.379512e-18 
9.506048e+13 1.690217e-21 8.320125e-17 1.515458e-18 
9.817479e+13 1.434080e-21 7.344595e-17 1.315551e-18 
1.013911e+14 8.069338e-22 4.853667e-17 8.122212e-19 
1.047129e+14 4.501461e-22 3.188324e-17 4.978846e-19 
1.081434e+14 2.488228e-22 2.081000e-17 3.028818e-19 
1.116863e+14 1.362184e-22 1.348996e-17 1.827718e-19 
1.153453e+14 7.384949e-23 8.684288e-18 1.093937e-19 
1.191242e+14 3.965380e-23 5.552717e-18 6.495076e-20 
1.230269e+14 2.108643e-23 3.526288e-18 3.825259e-20 
1.270574e+14 1.110113e-23 2.223754e-18 2.234170e-20 
1.312200e+14 5.783765e-24 1.392144e-18 1.293616e-20 
1.355189e+14 2.980792e-24 8.648716e-19 7.422511e-21 
1.399587e+14 1.519331e-24 5.331280e-19 4.219742e-21 
1.445440e+14 7.657723e-25 3.260438e-19 2.376574e-21 
1.492794e+14 3.815147e-25 1.977749e-19 1.325599e-21 
1.541700e+14 1.877908e-25 1.189433e-19 7.319405e-22 
1.592209e+14 9.130707e-26 7.090871e-20 3.999979e-22 
1.644372e+14 4.385937e-26 4.190730e-20 2.163746e-22 
1.698244e+14 2.081344e-26 2.455382e-20 1.158576e-22 
1.753881e+14 9.758789e-27 1.426407e-20 6.141344e-23 
1.811340e+14 4.520898e-27 8.216522e-21 3.222848e-23 
1.870682e+14 2.068865e-27 4.692579e-21 1.674125e-23 
1.931968e+14 9.347169e-28 2.656133e-21 8.604206e-24 
1.995262e+14 4.166756e-28 1.489356e-21 4.372961e-24 
2.060630e+14 1.831669e-28 8.269225e-22 2.196693e-24 
2.128139e+14 7.938663e-29 4.545683e-22 1.090507e-24 
2.197860e+14 3.391650e-29 2.473742e-22 5.349193e-25 
2.269865e+14 1.427151e-29 1.331867e-22 2.590812e-25 
2.344229e+14 5.910293e-30 7.090092e-23 1.238179e-25 
2.421029e+14 2.408613e-30 3.731125e-23 5.837862e-26 
2.500345e+14 9.662292e-31 1.941403e-23 2.716170e-26 
2.582260e+14 3.817112e-31 9.991892e-24 1.247580e-26 
2.666859e+14 1.485404e-31 5.088180e-24 5.658595e-27 
2.754229e+14 5.692220e-32 2.563385e-24 2.533937e-27 
2.844461e+14 2.146678e-32 1.277104e-24 1.119720e-27 
2.937650e+14 7.957745e-33 6.286701e-25 4.877689e-28 
3.033891e+14 2.896808e-33 3.055371e-25 2.092813e-28 
3.133286e+14 1.034986e-33 1.465415e-25 8.840044e-29 
3.235937e+14 3.618795e-34 6.916336e-26 3.665511e-29 
3.341950e+14 1.247152e-34 3.235359e-26 1.502732e-29 
3.451437e+14 4.207508e-35 1.489658e-26 6.049200e-30 
3.564511e+14 1.393122e-35 6.768694e-27 2.397217e-30 
3.681290e+14 4.524289e-36 3.034029e-27 9.347745e-31 
3.801894e+14 1.439677e-36 1.340601e-27 3.583569e-31 
3.926449e+14 4.486619e-37 5.836747e-28 1.350026e-31 
4.055085e+14 1.369114e-37 2.503646e-28 4.997117e-32 
4.187936e+14 4.089463e-38 1.057822e-28 1.816875e-32 
4.325138e+14 1.195148e-38 4.401267e-29 6.486609e-33 
4.466836e+14 3.414594e-39 1.802183e-29 2.272401e-33 
4.613176e+14 9.531032e-40 7.258863e-30 7.807073e-34 
4.764310e+14 2.598515e-40 2.875496e-30 2.629915e-34 
4.920395e+14 6.917378e-41 1.120057e-30 8.684134e-35 
5.081594e+14 1.796251e-41 4.286931e-31 2.808579e-35 
5.248075e+14 4.546808e-42 1.611413e-31 8.891319e-36 
5.420009e+14 1.121829e-42 5.948176e-32 2.755043e-36 
5.597576e+14 2.696796e-43 2.155539e-32 8.352688e-37 
5.780960e+14 6.315120e-44 7.667945e-33 2.477395e-37 
5.970353e+14 1.439928e-44 2.676931e-33 7.186016e-38 
6.165950e+14 3.194287e-45 9.166426e-34 2.037141e-38 
6.367955e+14 6.885508e-46 3.075925e-34 5.638127e-39 
6.576578e+14 1.440729e-46 1.010701e-34 1.522097e-39 
6.792036e+14 2.924302e-47 3.250197e-35 4.005764e-40 
7.014553e+14 5.759052e-48 1.023108e-35 1.027905e-40 
7.244360e+14 1.099668e-48 3.151048e-36 2.570369e-41 
7.481695e+14 2.033104e-49 9.486010e-37 6.256234e-42 
7.726806e+14 3.637877e-50 2.790236e-37 1.481578e-42 
7.979947e+14 6.301324e-51 8.020551e-38 3.414436e-43 
8.241381e+14 1.056135e-51 2.252567e-38 7.655227e-44 
8.511380e+14 1.711128e-52 6.177216e-39 1.668408e-44 
8.790225e+14 2.674775e-53 1.651789e-39 3.529005e-45 
9.078205e+14 4.027980e-54 4.302056e-40 7.235197e-46 
9.375620e+14 5.837111e-55 1.090348e-40 1.436358e-46 
9.682779e+14 8.139741e-56 2.689038e-41 2.761033e-47 
