1.000000e+01 7.348265e+04 5.815224e+04 6.223107e+04 
1.032761e+01 7.269681e+04 5.753031e+04 6.156550e+04 
1.066596e+01 7.191937e+04 5.691503e+04 6.090705e+04 
1.101539e+01 7.115023e+04 5.630631e+04 6.025562e+04 
1.137627e+01 7.038930e+04 5.570410e+04 5.961115e+04 
1.174898e+01 6.963650e+04 5.510832e+04 5.897357e+04 
1.213389e+01 6.889175e+04 5.451890e+04 5.834279e+04 
1.253141e+01 6.815494e+04 5.393577e+04 5.771875e+04 
1.294196e+01 6.742601e+04 5.335888e+04 5.710138e+04 
1.336596e+01 6.670486e+04 5.278814e+04 5.649059e+04 
1.380384e+01 6.599142e+04 5.222350e+04 5.588634e+04 
1.425608e+01 6.528559e+04 5.166489e+04 5.528853e+04 
1.472313e+01 6.458730e+04 5.111225e+04 5.469711e+04 
1.520548e+01 6.389647e+04 5.056550e+04 5.411200e+04 
1.570363e+01 6.321302e+04 5.002460e+04 5.353314e+04 
1.621810e+01 6.253687e+04 4.948947e+04 5.296047e+04 
1.674943e+01 6.186793e+04 4.896006e+04 5.239390e+04 
1.729816e+01 6.120614e+04 4.843630e+04 5.183339e+04 
1.786488e+01 6.055142e+04 4.791813e+04 5.127886e+04 
1.845015e+01 5.990369e+04 4.740549e+04 5.073026e+04 
1.905461e+01 5.926288e+04 4.689833e+04 5.018751e+04 
1.967886e+01 5.862890e+04 4.639658e+04 4.965055e+04 
2.032357e+01 5.800170e+04 4.590019e+04 4.911933e+04 
2.098940e+01 5.738120e+04 4.540910e+04 4.859378e+04 
2.167704e+01 5.676732e+04 4.492326e+04 4.807384e+04 
2.238721e+01 5.616000e+04 4.444260e+04 4.755945e+04 
2.312065e+01 5.555916e+04 4.396707e+04 4.705056e+04 
2.387811e+01 5.496473e+04 4.349662e+04 4.654709e+04 
2.466039e+01 5.437665e+04 4.303119e+04 4.604900e+04 
2.546830e+01 5.379485e+04 4.257073e+04 4.555623e+04 
2.630268e+01 5.321927e+04 4.211519e+04 4.506872e+04 
2.716439e+01 5.264982e+04 4.166450e+04 4.458641e+04 
2.805434e+01 5.208646e+04 4.121863e+04 4.410925e+04 
2.897344e+01 5.152911e+04 4.077752e+04 4.363718e+04 
2.992265e+01 5.097771e+04 4.034112e+04 4.317015e+04 
3.090295e+01 5.043219e+04 3.990937e+04 4.270811e+04 
3.191538e+01 4.989250e+04 3.948223e+04 4.225100e+04 
3.296097e+01 4.935857e+04 3.905965e+04 4.179876e+04 
3.404082e+01 4.883034e+04 3.864159e+04 4.135135e+04 
3.515604e+01 4.830775e+04 3.822798e+04 4.090872e+04 
3.630781e+01 4.779073e+04 3.781879e+04 4.047081e+04 
3.749730e+01 4.727924e+04 3.741396e+04 4.003757e+04 
3.872576e+01 4.677320e+04 3.701345e+04 3.960896e+04 
3.999447e+01 4.627256e+04 3.661722e+04 3.918492e+04 
4.130475e+01 4.577727e+04 3.622522e+04 3.876540e+04 
4.265795e+01 4.528726e+04 3.583739e+04 3.835036e+04 
4.405549e+01 4.480248e+04 3.545371e+04 3.793975e+04 
4.549881e+01 4.432288e+04 3.507412e+04 3.753352e+04 
4.698941e+01 4.384839e+04 3.469858e+04 3.713162e+04 
4.852885e+01 4.337896e+04 3.432705e+04 3.673401e+04 
5.011872e+01 4.291454e+04 3.395948e+04 3.634064e+04 
5.176068e+01 4.245508e+04 3.359583e+04 3.595147e+04 
5.345644e+01 4.200052e+04 3.323606e+04 3.556645e+04 
5.520774e+01 4.155081e+04 3.288012e+04 3.518553e+04 
5.701643e+01 4.110590e+04 3.252799e+04 3.480868e+04 
5.888437e+01 4.066573e+04 3.217961e+04 3.443585e+04 
6.081350e+01 4.023026e+04 3.183494e+04 3.406699e+04 
6.280584e+01 3.979944e+04 3.149396e+04 3.370207e+04 
6.486344e+01 3.937321e+04 3.115660e+04 3.334104e+04 
6.698846e+01 3.895152e+04 3.082285e+04 3.298386e+04 
6.918310e+01 3.853434e+04 3.049265e+04 3.263048e+04 
7.144963e+01 3.812160e+04 3.016598e+04 3.228088e+04 
7.379042e+01 3.771327e+04 2.984279e+04 3.193500e+04 
7.620790e+01 3.730928e+04 2.952304e+04 3.159281e+04 
7.870458e+01 3.690961e+04 2.920670e+04 3.125426e+04 
8.128305e+01 3.651420e+04 2.889374e+04 3.091933e+04 
8.394600e+01 3.612301e+04 2.858411e+04 3.058796e+04 
8.669619e+01 3.573598e+04 2.827778e+04 3.026013e+04 
8.953648e+01 3.535308e+04 2.797472e+04 2.993579e+04 
9.246982e+01 3.497427e+04 2.767489e+04 2.961491e+04 
9.549926e+01 3.459949e+04 2.737825e+04 2.929745e+04 
9.862795e+01 3.422871e+04 2.708477e+04 2.898337e+04 
1.018591e+02 3.386188e+04 2.679442e+04 2.867264e+04 
1.051962e+02 3.349896e+04 2.650717e+04 2.836521e+04 
1.086426e+02 3.313991e+04 2.622298e+04 2.806107e+04 
1.122018e+02 3.278468e+04 2.594181e+04 2.776016e+04 
1.158777e+02 3.243324e+04 2.566364e+04 2.746246e+04 
1.196741e+02 3.208555e+04 2.538843e+04 2.716793e+04 
1.235947e+02 3.174155e+04 2.511615e+04 2.687653e+04 
1.276439e+02 3.140123e+04 2.484678e+04 2.658824e+04 
1.318257e+02 3.106453e+04 2.458027e+04 2.630302e+04 
1.361445e+02 3.073142e+04 2.431660e+04 2.602084e+04 
1.406048e+02 3.040185e+04 2.405574e+04 2.574166e+04 
1.452112e+02 3.007580e+04 2.379766e+04 2.546545e+04 
1.499685e+02 2.975322e+04 2.354232e+04 2.519219e+04 
1.548817e+02 2.943407e+04 2.328970e+04 2.492183e+04 
1.599558e+02 2.911832e+04 2.303977e+04 2.465435e+04 
1.651962e+02 2.880594e+04 2.279251e+04 2.438972e+04 
1.706082e+02 2.849688e+04 2.254787e+04 2.412790e+04 
1.761976e+02 2.819111e+04 2.230584e+04 2.386887e+04 
1.819701e+02 2.788859e+04 2.206638e+04 2.361260e+04 
1.879317e+02 2.758930e+04 2.182947e+04 2.335905e+04 
1.940886e+02 2.729319e+04 2.159508e+04 2.310820e+04 
2.004472e+02 2.700024e+04 2.136319e+04 2.286001e+04 
2.070141e+02 2.671040e+04 2.113376e+04 2.261447e+04 
2.137962e+02 2.642364e+04 2.090677e+04 2.237154e+04 
2.208005e+02 2.613994e+04 2.068219e+04 2.213119e+04 
2.280342e+02 2.585925e+04 2.046001e+04 2.189340e+04 
2.355049e+02 2.558155e+04 2.024018e+04 2.165813e+04 
2.432204e+02 2.530681e+04 2.002270e+04 2.142537e+04 
2.511886e+02 2.503498e+04 1.980752e+04 2.119507e+04 
2.594179e+02 2.476605e+04 1.959463e+04 2.096723e+04 
2.679168e+02 2.449998e+04 1.938401e+04 2.074181e+04 
2.766942e+02 2.423673e+04 1.917562e+04 2.051878e+04 
2.857591e+02 2.397629e+04 1.896945e+04 2.029812e+04 
2.951209e+02 2.371861e+04 1.876547e+04 2.007981e+04 
3.047895e+02 2.346367e+04 1.856365e+04 1.986381e+04 
3.147748e+02 2.321144e+04 1.836398e+04 1.965011e+04 
3.250873e+02 2.296189e+04 1.816643e+04 1.943868e+04 
3.357376e+02 2.271499e+04 1.797097e+04 1.922949e+04 
3.467369e+02 2.247072e+04 1.777759e+04 1.902252e+04 
3.580964e+02 2.222904e+04 1.758627e+04 1.881775e+04 
3.698282e+02 2.198992e+04 1.739697e+04 1.861515e+04 
3.819443e+02 2.175335e+04 1.720969e+04 1.841470e+04 
3.944573e+02 2.151928e+04 1.702439e+04 1.821638e+04 
4.073803e+02 2.128771e+04 1.684105e+04 1.802016e+04 
4.207266e+02 2.105858e+04 1.665966e+04 1.782602e+04 
4.345102e+02 2.083190e+04 1.648020e+04 1.763394e+04 
4.487454e+02 2.060761e+04 1.630263e+04 1.744389e+04 
4.634469e+02 2.038571e+04 1.612695e+04 1.725586e+04 
4.786301e+02 2.016616e+04 1.595314e+04 1.706982e+04 
4.943107e+02 1.994894e+04 1.578116e+04 1.688576e+04 
5.105050e+02 1.973402e+04 1.561101e+04 1.670364e+04 
5.272299e+02 1.952138e+04 1.544266e+04 1.652345e+04 
5.445027e+02 1.931099e+04 1.527609e+04 1.634517e+04 
5.623413e+02 1.910284e+04 1.511128e+04 1.616878e+04 
5.807644e+02 1.889689e+04 1.494822e+04 1.599426e+04 
5.997911e+02 1.869312e+04 1.478689e+04 1.582158e+04 
6.194411e+02 1.849151e+04 1.462727e+04 1.565073e+04 
6.397348e+02 1.829204e+04 1.446933e+04 1.548168e+04 
6.606934e+02 1.809467e+04 1.431306e+04 1.531442e+04 
6.823387e+02 1.789940e+04 1.415845e+04 1.514894e+04 
7.046931e+02 1.770619e+04 1.400547e+04 1.498520e+04 
7.277798e+02 1.751503e+04 1.385411e+04 1.482319e+04 
7.516229e+02 1.732589e+04 1.370435e+04 1.466289e+04 
7.762471e+02 1.713876e+04 1.355617e+04 1.450429e+04 
8.016781e+02 1.695360e+04 1.340956e+04 1.434736e+04 
8.279422e+02 1.677039e+04 1.326449e+04 1.419209e+04 
8.550667e+02 1.658913e+04 1.312096e+04 1.403845e+04 
8.830799e+02 1.640978e+04 1.297894e+04 1.388644e+04 
9.120108e+02 1.623232e+04 1.283842e+04 1.373603e+04 
9.418896e+02 1.605674e+04 1.269939e+04 1.358721e+04 
9.727472e+02 1.588302e+04 1.256182e+04 1.343996e+04 
1.004616e+03 1.571112e+04 1.242570e+04 1.329426e+04 
1.037528e+03 1.554105e+04 1.229101e+04 1.315009e+04 
1.071519e+03 1.537276e+04 1.215775e+04 1.300744e+04 
1.106624e+03 1.520625e+04 1.202589e+04 1.286630e+04 
1.142878e+03 1.504150e+04 1.189541e+04 1.272664e+04 
1.180321e+03 1.487848e+04 1.176632e+04 1.258845e+04 
1.218990e+03 1.471719e+04 1.163858e+04 1.245171e+04 
1.258925e+03 1.455759e+04 1.151218e+04 1.231642e+04 
1.300170e+03 1.439967e+04 1.138711e+04 1.218254e+04 
1.342765e+03 1.424342e+04 1.126336e+04 1.205007e+04 
1.386756e+03 1.408881e+04 1.114091e+04 1.191900e+04 
1.432188e+03 1.393582e+04 1.101975e+04 1.178930e+04 
1.479108e+03 1.378445e+04 1.089985e+04 1.166096e+04 
1.527566e+03 1.363467e+04 1.078122e+04 1.153396e+04 
1.577611e+03 1.348646e+04 1.066383e+04 1.140830e+04 
1.629296e+03 1.333981e+04 1.054768e+04 1.128396e+04 
1.682674e+03 1.319470e+04 1.043274e+04 1.116092e+04 
1.737801e+03 1.305111e+04 1.031901e+04 1.103917e+04 
1.794734e+03 1.290904e+04 1.020647e+04 1.091870e+04 
1.853532e+03 1.276845e+04 1.009510e+04 1.079948e+04 
1.914256e+03 1.262933e+04 9.984907e+03 1.068152e+04 
1.976970e+03 1.249168e+04 9.875863e+03 1.056478e+04 
2.041738e+03 1.235547e+04 9.767961e+03 1.044927e+04 
2.108628e+03 1.222068e+04 9.661186e+03 1.033497e+04 
2.177710e+03 1.208730e+04 9.555527e+03 1.022185e+04 
2.249055e+03 1.195533e+04 9.450972e+03 1.010992e+04 
2.322737e+03 1.182473e+04 9.347509e+03 9.999160e+03 
2.398833e+03 1.169550e+04 9.245125e+03 9.889552e+03 
2.477422e+03 1.156761e+04 9.143809e+03 9.781086e+03 
2.558586e+03 1.144107e+04 9.043550e+03 9.673750e+03 
2.642409e+03 1.131584e+04 8.944335e+03 9.567531e+03 
2.728978e+03 1.119193e+04 8.846153e+03 9.462418e+03 
2.818383e+03 1.106930e+04 8.748993e+03 9.358398e+03 
2.910717e+03 1.094795e+04 8.652844e+03 9.255460e+03 
3.006076e+03 1.082787e+04 8.557694e+03 9.153590e+03 
3.104560e+03 1.070904e+04 8.463533e+03 9.052778e+03 
3.206269e+03 1.059144e+04 8.370349e+03 8.953012e+03 
3.311311e+03 1.047507e+04 8.278133e+03 8.854281e+03 
3.419794e+03 1.035991e+04 8.186873e+03 8.756572e+03 
3.531832e+03 1.024595e+04 8.096559e+03 8.659876e+03 
3.647539e+03 1.013316e+04 8.007180e+03 8.564180e+03 
3.767038e+03 1.002155e+04 7.918727e+03 8.469473e+03 
3.890451e+03 9.911098e+03 7.831188e+03 8.375746e+03 
4.017908e+03 9.801789e+03 7.744554e+03 8.282986e+03 
4.149540e+03 9.693612e+03 7.658816e+03 8.191184e+03 
4.285485e+03 9.586555e+03 7.573962e+03 8.100328e+03 
4.425884e+03 9.480605e+03 7.489983e+03 8.010409e+03 
4.570882e+03 9.375751e+03 7.406870e+03 7.921415e+03 
4.720630e+03 9.271979e+03 7.324613e+03 7.833337e+03 
4.875285e+03 9.169278e+03 7.243203e+03 7.746165e+03 
5.035006e+03 9.067637e+03 7.162630e+03 7.659888e+03 
5.199960e+03 8.967044e+03 7.082884e+03 7.574496e+03 
5.370318e+03 8.867486e+03 7.003958e+03 7.489981e+03 
5.546257e+03 8.768953e+03 6.925840e+03 7.406331e+03 
5.727960e+03 8.671432e+03 6.848524e+03 7.323538e+03 
5.915616e+03 8.574914e+03 6.771999e+03 7.241591e+03 
6.109420e+03 8.479387e+03 6.696257e+03 7.160482e+03 
6.309573e+03 8.384839e+03 6.621290e+03 7.080201e+03 
6.516284e+03 8.291260e+03 6.547088e+03 7.000739e+03 
6.729767e+03 8.198639e+03 6.473643e+03 6.922087e+03 
6.950243e+03 8.106966e+03 6.400946e+03 6.844236e+03 
7.177943e+03 8.016229e+03 6.328990e+03 6.767176e+03 
7.413102e+03 7.926419e+03 6.257766e+03 6.690899e+03 
7.655966e+03 7.837525e+03 6.187266e+03 6.615397e+03 
7.906786e+03 7.749537e+03 6.117481e+03 6.540660e+03 
8.165824e+03 7.662444e+03 6.048404e+03 6.466680e+03 
8.433348e+03 7.576238e+03 5.980027e+03 6.393448e+03 
8.709636e+03 7.490907e+03 5.912342e+03 6.320956e+03 
8.994976e+03 7.406441e+03 5.845341e+03 6.249197e+03 
9.289664e+03 7.322833e+03 5.779016e+03 6.178161e+03 
9.594006e+03 7.240070e+03 5.713361e+03 6.107840e+03 
9.908319e+03 7.158145e+03 5.648366e+03 6.038226e+03 
1.023293e+04 7.077048e+03 5.584026e+03 5.969312e+03 
1.056818e+04 6.996769e+03 5.520332e+03 5.901090e+03 
1.091440e+04 6.917299e+03 5.457277e+03 5.833551e+03 
1.127197e+04 6.838629e+03 5.394855e+03 5.766688e+03 
1.164126e+04 6.760750e+03 5.333057e+03 5.700494e+03 
1.202264e+04 6.683653e+03 5.271877e+03 5.634960e+03 
1.241652e+04 6.607329e+03 5.211308e+03 5.570080e+03 
1.282331e+04 6.531770e+03 5.151343e+03 5.505846e+03 
1.324342e+04 6.456967e+03 5.091974e+03 5.442250e+03 
1.367729e+04 6.382910e+03 5.033196e+03 5.379285e+03 
1.412538e+04 6.309593e+03 4.975002e+03 5.316945e+03 
1.458814e+04 6.237006e+03 4.917385e+03 5.255222e+03 
1.506607e+04 6.165140e+03 4.860337e+03 5.194109e+03 
1.555966e+04 6.093989e+03 4.803854e+03 5.133599e+03 
1.606941e+04 6.023543e+03 4.747928e+03 5.073685e+03 
1.659587e+04 6.225455e+03 4.906666e+03 5.243157e+03 
1.713957e+04 6.148099e+03 4.845220e+03 5.177317e+03 
1.770109e+04 6.071508e+03 4.784438e+03 5.112210e+03 
1.828100e+04 5.749072e+03 4.529947e+03 4.840130e+03 
1.887991e+04 5.682030e+03 4.476711e+03 4.783094e+03 
1.949845e+04 5.615647e+03 4.423995e+03 4.726614e+03 
2.013724e+04 5.549914e+03 4.371794e+03 4.670685e+03 
2.079697e+04 5.484825e+03 4.320101e+03 4.615299e+03 
2.147830e+04 5.420372e+03 4.268910e+03 4.560451e+03 
2.218196e+04 5.356548e+03 4.218217e+03 4.506135e+03 
2.290868e+04 5.293346e+03 4.168014e+03 4.452344e+03 
2.365920e+04 5.230758e+03 4.118297e+03 4.399072e+03 
2.443431e+04 5.168776e+03 4.069060e+03 4.346314e+03 
2.523481e+04 5.107396e+03 4.020297e+03 4.294063e+03 
2.606154e+04 5.046608e+03 3.972003e+03 4.242314e+03 
2.691535e+04 4.986407e+03 3.924172e+03 4.191061e+03 
2.779713e+04 4.926785e+03 3.876800e+03 4.140298e+03 
2.870781e+04 4.867736e+03 3.829880e+03 4.090019e+03 
2.964831e+04 4.809253e+03 3.783408e+03 4.040220e+03 
3.061963e+04 4.751330e+03 3.737378e+03 3.990894e+03 
3.162278e+04 4.693960e+03 3.691786e+03 3.942035e+03 
3.265878e+04 4.637136e+03 3.646625e+03 3.893640e+03 
3.372873e+04 4.580852e+03 3.601892e+03 3.845701e+03 
3.483373e+04 4.525103e+03 3.557581e+03 3.798214e+03 
3.597493e+04 4.469881e+03 3.513688e+03 3.751175e+03 
3.715352e+04 4.415181e+03 3.470207e+03 3.704576e+03 
3.837072e+04 4.360996e+03 3.427133e+03 3.658415e+03 
3.962780e+04 4.307320e+03 3.384463e+03 3.612685e+03 
4.092607e+04 4.254148e+03 3.342191e+03 3.567381e+03 
4.226686e+04 4.201473e+03 3.300313e+03 3.522499e+03 
4.365158e+04 4.149290e+03 3.258824e+03 3.478033e+03 
4.508167e+04 4.097593e+03 3.217720e+03 3.433980e+03 
4.655861e+04 4.046376e+03 3.176996e+03 3.390334e+03 
4.808393e+04 3.995634e+03 3.136648e+03 3.347091e+03 
4.965923e+04 3.945360e+03 3.096672e+03 3.304245e+03 
5.128614e+04 3.895551e+03 3.057063e+03 3.261793e+03 
5.296634e+04 3.846199e+03 3.017817e+03 3.219730e+03 
5.470160e+04 3.797300e+03 2.978929e+03 3.178052e+03 
5.649370e+04 3.748849e+03 2.940397e+03 3.136754e+03 
5.834451e+04 3.700840e+03 2.902215e+03 3.095831e+03 
6.025596e+04 3.653268e+03 2.864381e+03 3.055280e+03 
6.223003e+04 3.606128e+03 2.826888e+03 3.015097e+03 
6.426877e+04 3.559415e+03 2.789735e+03 2.975277e+03 
6.637431e+04 3.513124e+03 2.752917e+03 2.935816e+03 
6.854882e+04 3.467250e+03 2.716430e+03 2.896711e+03 
7.079458e+04 3.421788e+03 2.680271e+03 2.857956e+03 
7.311391e+04 3.376734e+03 2.644435e+03 2.819550e+03 
7.550922e+04 3.332083e+03 2.608920e+03 2.781486e+03 
7.798301e+04 3.287830e+03 2.573721e+03 2.743763e+03 
8.053784e+04 3.243971e+03 2.538836e+03 2.706376e+03 
8.317638e+04 3.200500e+03 2.504261e+03 2.669321e+03 
8.590135e+04 3.157415e+03 2.469991e+03 2.632595e+03 
8.871560e+04 3.114710e+03 2.436025e+03 2.596195e+03 
9.162205e+04 3.072381e+03 2.402359e+03 2.560116e+03 
9.462372e+04 3.030424e+03 2.368990e+03 2.524356e+03 
9.772372e+04 2.988835e+03 2.335913e+03 2.488911e+03 
1.009253e+05 2.947610e+03 2.303127e+03 2.453778e+03 
1.042317e+05 2.906745e+03 2.270629e+03 2.418954e+03 
1.076465e+05 2.866235e+03 2.238415e+03 2.384436e+03 
1.111732e+05 2.826077e+03 2.206482e+03 2.350220e+03 
1.148154e+05 2.786268e+03 2.174827e+03 2.316304e+03 
1.185769e+05 2.746803e+03 2.143449e+03 2.282684e+03 
1.224616e+05 2.707679e+03 2.112343e+03 2.249358e+03 
1.264736e+05 2.668893e+03 2.081508e+03 2.216323e+03 
1.306171e+05 2.630440e+03 2.050941e+03 2.183577e+03 
1.348963e+05 2.592318e+03 2.020639e+03 2.151116e+03 
1.393157e+05 2.554523e+03 1.990600e+03 2.118938e+03 
1.438799e+05 2.517053e+03 1.960821e+03 2.087040e+03 
1.485936e+05 2.479903e+03 1.931301e+03 2.055421e+03 
1.534617e+05 2.443071e+03 1.902036e+03 2.024077e+03 
1.584893e+05 2.406554e+03 1.873025e+03 1.993007e+03 
1.636817e+05 2.370349e+03 1.844265e+03 1.962208e+03 
1.690441e+05 2.334453e+03 1.815755e+03 1.931677e+03 
1.745822e+05 2.298864e+03 1.787492e+03 1.901414e+03 
1.803018e+05 2.263578e+03 1.759474e+03 1.871416e+03 
1.862087e+05 2.228594e+03 1.731701e+03 1.841681e+03 
1.923092e+05 2.193909e+03 1.704169e+03 1.812207e+03 
1.986095e+05 2.159532e+03 1.676886e+03 1.783002e+03 
2.051162e+05 2.125438e+03 1.649834e+03 1.754045e+03 
2.118361e+05 2.091636e+03 1.623018e+03 1.725344e+03 
2.187762e+05 2.058124e+03 1.596438e+03 1.696899e+03 
2.259436e+05 2.024891e+03 1.570084e+03 1.668698e+03 
2.333458e+05 1.991954e+03 1.543972e+03 1.640758e+03 
2.409905e+05 1.959303e+03 1.518091e+03 1.613068e+03 
2.488857e+05 1.926934e+03 1.492441e+03 1.585628e+03 
2.570396e+05 1.894847e+03 1.467020e+03 1.558436e+03 
2.654606e+05 1.863040e+03 1.441829e+03 1.531492e+03 
2.741574e+05 1.831512e+03 1.416865e+03 1.504795e+03 
2.831392e+05 1.800262e+03 1.392128e+03 1.478343e+03 
2.924152e+05 1.769289e+03 1.367617e+03 1.452137e+03 
3.019952e+05 1.738591e+03 1.343332e+03 1.426174e+03 
3.118890e+05 1.708169e+03 1.319273e+03 1.400456e+03 
3.221069e+05 1.678020e+03 1.295438e+03 1.374982e+03 
3.326596e+05 1.648145e+03 1.271827e+03 1.349750e+03 
3.435579e+05 1.618544e+03 1.248441e+03 1.324761e+03 
3.548134e+05 1.589215e+03 1.225278e+03 1.300015e+03 
3.664376e+05 1.560158e+03 1.202340e+03 1.275512e+03 
3.784426e+05 1.531374e+03 1.179625e+03 1.251252e+03 
3.908409e+05 1.502863e+03 1.157134e+03 1.227234e+03 
4.036454e+05 1.474624e+03 1.134867e+03 1.203459e+03 
4.168694e+05 1.446657e+03 1.112825e+03 1.179927e+03 
4.305266e+05 1.418964e+03 1.091008e+03 1.156639e+03 
4.446313e+05 1.391545e+03 1.069416e+03 1.133595e+03 
4.591980e+05 1.364399e+03 1.048049e+03 1.110796e+03 
4.742420e+05 1.337529e+03 1.026909e+03 1.088242e+03 
4.897788e+05 1.310935e+03 1.005996e+03 1.065935e+03 
5.058247e+05 1.284617e+03 9.853109e+02 1.043874e+03 
5.223962e+05 1.258577e+03 9.648545e+02 1.022061e+03 
5.395106e+05 1.232817e+03 9.446277e+02 1.000496e+03 
5.571857e+05 1.207336e+03 9.246315e+02 9.791814e+02 
5.754399e+05 1.182137e+03 9.048670e+02 9.581175e+02 
5.942922e+05 1.157222e+03 8.853353e+02 9.373056e+02 
6.137620e+05 1.123780e+03 8.593002e+02 9.096149e+02 
6.338697e+05 1.099686e+03 8.404330e+02 8.895184e+02 
6.546362e+05 1.084157e+03 8.281343e+02 8.763813e+02 
6.760830e+05 1.068454e+03 8.156915e+02 8.630894e+02 
6.982324e+05 1.044752e+03 7.971657e+02 8.433685e+02 
7.211075e+05 1.013772e+03 7.731061e+02 8.177994e+02 
7.447320e+05 9.908884e+02 7.552409e+02 7.987890e+02 
7.691304e+05 9.683030e+02 7.376196e+02 7.800418e+02 
7.943282e+05 9.460181e+02 7.202435e+02 7.615594e+02 
8.203515e+05 9.240356e+02 7.031143e+02 7.433432e+02 
8.472274e+05 9.023580e+02 6.862335e+02 7.253948e+02 
8.749838e+05 8.809873e+02 6.696027e+02 7.077158e+02 
9.036495e+05 8.599259e+02 6.532233e+02 6.903077e+02 
9.332543e+05 8.391760e+02 6.370970e+02 6.731720e+02 
9.638290e+05 8.187397e+02 6.212251e+02 6.563102e+02 
9.954054e+05 7.986192e+02 6.056090e+02 6.397236e+02 
1.028016e+06 7.788168e+02 5.902503e+02 6.234136e+02 
1.061696e+06 7.593344e+02 5.751501e+02 6.073816e+02 
1.096478e+06 7.401740e+02 5.603099e+02 5.916287e+02 
1.132400e+06 7.213376e+02 5.457307e+02 5.761561e+02 
1.169499e+06 7.028270e+02 5.314136e+02 5.609649e+02 
1.207814e+06 6.846439e+02 5.173597e+02 5.460559e+02 
1.247384e+06 6.667898e+02 5.035698e+02 5.314299e+02 
1.288250e+06 6.492663e+02 4.900448e+02 5.170877e+02 
1.330454e+06 6.320745e+02 4.767851e+02 5.030298e+02 
1.374042e+06 6.152156e+02 4.637913e+02 4.892565e+02 
1.419058e+06 6.148454e+02 4.632352e+02 4.886062e+02 
1.465548e+06 5.983029e+02 4.504793e+02 4.750852e+02 
1.513561e+06 5.820311e+02 4.379649e+02 4.618279e+02 
1.563148e+06 5.513787e+02 4.146504e+02 4.371875e+02 
1.614359e+06 5.361875e+02 4.029836e+02 4.248330e+02 
1.667247e+06 5.213315e+02 3.915821e+02 4.127618e+02 
1.721869e+06 4.930427e+02 3.701105e+02 3.900806e+02 
1.778279e+06 4.791566e+02 3.594878e+02 3.788422e+02 
1.836538e+06 4.656553e+02 3.491475e+02 3.679005e+02 
1.896706e+06 4.650234e+02 3.484631e+02 3.671352e+02 
1.958845e+06 4.518349e+02 3.383757e+02 3.564649e+02 
2.023019e+06 4.389739e+02 3.285455e+02 3.460685e+02 
2.089296e+06 4.264382e+02 3.189702e+02 3.359435e+02 
2.157744e+06 4.142250e+02 3.096476e+02 3.260873e+02 
2.228435e+06 4.023316e+02 3.005750e+02 3.164971e+02 
2.301442e+06 3.907545e+02 2.917494e+02 3.071695e+02 
2.376840e+06 3.794902e+02 2.831678e+02 2.981013e+02 
2.454709e+06 3.685347e+02 2.748269e+02 2.892888e+02 
2.535129e+06 3.578839e+02 2.667230e+02 2.807282e+02 
2.618183e+06 3.475331e+02 2.588523e+02 2.724152e+02 
2.703958e+06 3.374777e+02 2.512109e+02 2.643456e+02 
2.792544e+06 3.277124e+02 2.437946e+02 2.565149e+02 
2.884032e+06 3.182319e+02 2.365989e+02 2.489183e+02 
2.978516e+06 3.090305e+02 2.296193e+02 2.415509e+02 
3.076097e+06 3.001024e+02 2.228509e+02 2.344075e+02 
3.176874e+06 2.914415e+02 2.162890e+02 2.274830e+02 
3.280953e+06 2.830415e+02 2.099285e+02 2.207720e+02 
3.388442e+06 2.748959e+02 2.037642e+02 2.142689e+02 
3.499452e+06 2.669981e+02 1.977908e+02 2.079680e+02 
3.614099e+06 2.593414e+02 1.920030e+02 2.018638e+02 
3.732502e+06 2.519188e+02 1.863954e+02 1.959505e+02 
3.854784e+06 2.447235e+02 1.809625e+02 1.902221e+02 
3.981072e+06 2.377485e+02 1.756989e+02 1.846730e+02 
4.111497e+06 2.309866e+02 1.705991e+02 1.792972e+02 
4.246196e+06 2.244311e+02 1.656575e+02 1.740889e+02 
4.385307e+06 2.180747e+02 1.608689e+02 1.690424e+02 
4.528976e+06 2.119107e+02 1.562277e+02 1.641519e+02 
4.677351e+06 2.059322e+02 1.517286e+02 1.594118e+02 
4.830588e+06 2.001325e+02 1.473666e+02 1.548167e+02 
4.988845e+06 1.945049e+02 1.431364e+02 1.503610e+02 
5.152286e+06 1.890430e+02 1.390332e+02 1.460395e+02 
5.321083e+06 1.837407e+02 1.350520e+02 1.418472e+02 
5.495409e+06 1.785918e+02 1.311883e+02 1.377790e+02 
5.675446e+06 1.735905e+02 1.274375e+02 1.338302e+02 
5.861382e+06 1.687312e+02 1.237954e+02 1.299963e+02 
6.053409e+06 1.640085e+02 1.202578e+02 1.262729e+02 
6.251727e+06 1.594175e+02 1.168208e+02 1.226558e+02 
6.456542e+06 1.549532e+02 1.134808e+02 1.191411e+02 
6.668068e+06 1.506115e+02 1.102345e+02 1.157255e+02 
6.886523e+06 1.463873e+02 1.070780e+02 1.124048e+02 
7.112135e+06 1.422771e+02 1.040085e+02 1.091761e+02 
7.345139e+06 1.382966e+02 1.010318e+02 1.060446e+02 
7.585776e+06 1.343834e+02 9.811922e+01 1.029822e+02 
7.834296e+06 1.266729e+02 9.243346e+01 9.700923e+01 
8.090959e+06 1.269045e+02 9.254647e+01 9.712259e+01 
8.356030e+06 1.233131e+02 8.987304e+01 9.431204e+01 
8.629785e+06 1.198170e+02 8.727223e+01 9.157813e+01 
8.912509e+06 1.164139e+02 8.474222e+01 8.891894e+01 
9.204496e+06 1.131016e+02 8.228131e+01 8.633266e+01 
9.506048e+06 1.098781e+02 7.988791e+01 8.381760e+01 
9.817479e+06 1.067415e+02 7.756056e+01 8.137219e+01 
1.013911e+07 1.036900e+02 7.529783e+01 7.899494e+01 
1.047129e+07 1.007220e+02 7.309841e+01 7.668443e+01 
1.081434e+07 9.783584e+01 7.096100e+01 7.443929e+01 
1.116863e+07 9.502994e+01 6.888434e+01 7.225819e+01 
1.153453e+07 9.230276e+01 6.686722e+01 7.013982e+01 
1.191242e+07 8.965275e+01 6.490840e+01 6.808286e+01 
1.230269e+07 8.707836e+01 6.300666e+01 6.608603e+01 
1.270574e+07 8.457801e+01 6.116075e+01 6.414800e+01 
1.312200e+07 8.215008e+01 5.936940e+01 6.226742e+01 
1.355189e+07 7.979293e+01 5.763133e+01 6.044293e+01 
1.399587e+07 7.750486e+01 5.594521e+01 5.867312e+01 
1.445440e+07 7.528412e+01 5.430968e+01 5.695658e+01 
1.492794e+07 7.312893e+01 5.272338e+01 5.529182e+01 
1.541700e+07 7.103716e+01 5.118468e+01 5.367715e+01 
1.592209e+07 6.900751e+01 4.969255e+01 5.211148e+01 
1.644372e+07 6.703805e+01 4.824552e+01 5.059325e+01 
1.698244e+07 6.512659e+01 4.684195e+01 4.912073e+01 
1.753881e+07 6.327098e+01 4.548019e+01 4.769218e+01 
1.811340e+07 6.146957e+01 4.415900e+01 4.630629e+01 
1.870682e+07 5.972026e+01 4.287678e+01 4.496139e+01 
1.931968e+07 5.802165e+01 4.163248e+01 4.365634e+01 
1.995262e+07 5.637173e+01 4.042457e+01 4.238955e+01 
2.060630e+07 5.476876e+01 3.925175e+01 4.115965e+01 
2.128139e+07 5.321111e+01 3.811279e+01 3.996532e+01 
2.197860e+07 5.169721e+01 3.700650e+01 3.880533e+01 
2.269865e+07 5.022559e+01 3.593177e+01 3.767852e+01 
2.344229e+07 4.879489e+01 3.488758e+01 3.658378e+01 
2.421029e+07 4.740383e+01 3.387295e+01 3.552010e+01 
2.500345e+07 4.605123e+01 3.288700e+01 3.448655e+01 
2.582260e+07 4.473602e+01 3.192891e+01 3.348225e+01 
2.666859e+07 4.345720e+01 3.099791e+01 3.250640e+01 
2.754229e+07 4.221385e+01 3.009330e+01 3.155827e+01 
2.844461e+07 4.100512e+01 2.921443e+01 3.063716e+01 
2.937650e+07 3.983020e+01 2.836069e+01 2.974243e+01 
3.033891e+07 3.868836e+01 2.753149e+01 2.887345e+01 
3.133286e+07 3.890623e+01 2.767031e+01 2.901973e+01 
3.235937e+07 3.650095e+01 2.594447e+01 2.721044e+01 
3.341950e+07 3.545398e+01 2.518557e+01 2.641524e+01 
3.451437e+07 3.443720e+01 2.444900e+01 2.564347e+01 
3.564511e+07 3.344989e+01 2.373421e+01 2.489456e+01 
3.681290e+07 3.249131e+01 2.304064e+01 2.416790e+01 
3.801894e+07 3.156068e+01 2.236770e+01 2.346288e+01 
3.926449e+07 3.065722e+01 2.171479e+01 2.277887e+01 
4.055085e+07 2.978013e+01 2.108131e+01 2.211524e+01 
4.187936e+07 2.892857e+01 2.046664e+01 2.147134e+01 
4.325138e+07 2.810173e+01 1.987017e+01 2.084651e+01 
4.466836e+07 2.729887e+01 1.929135e+01 2.024019e+01 
4.613176e+07 2.651891e+01 1.872937e+01 1.965154e+01 
4.764310e+07 2.576134e+01 1.818386e+01 1.908013e+01 
4.920395e+07 2.502531e+01 1.765418e+01 1.852533e+01 
5.081594e+07 2.431010e+01 1.713979e+01 1.798655e+01 
5.248075e+07 2.361503e+01 1.664021e+01 1.746328e+01 
5.420009e+07 2.293949e+01 1.615495e+01 1.695503e+01 
5.597576e+07 2.228290e+01 1.568359e+01 1.646134e+01 
5.780960e+07 2.164472e+01 1.522573e+01 1.598180e+01 
5.970353e+07 2.102446e+01 1.478101e+01 1.551601e+01 
6.165950e+07 2.042169e+01 1.434908e+01 1.506363e+01 
6.367955e+07 1.983597e+01 1.392963e+01 1.462433e+01 
6.576578e+07 1.926690e+01 1.352236e+01 1.419777e+01 
6.792036e+07 1.871411e+01 1.312696e+01 1.378366e+01 
7.014553e+07 1.817719e+01 1.274316e+01 1.338169e+01 
7.244360e+07 1.765577e+01 1.237066e+01 1.299155e+01 
7.481695e+07 1.714944e+01 1.200915e+01 1.261292e+01 
7.726806e+07 1.665780e+01 1.165833e+01 1.224549e+01 
7.979947e+07 1.618041e+01 1.131790e+01 1.188893e+01 
8.241381e+07 1.571686e+01 1.098752e+01 1.154291e+01 
8.511380e+07 1.526671e+01 1.066688e+01 1.120707e+01 
8.790225e+07 1.482952e+01 1.035566e+01 1.088110e+01 
9.078205e+07 1.440485e+01 1.005353e+01 1.056465e+01 
9.375620e+07 1.399230e+01 9.760198e+00 1.025740e+01 
9.682779e+07 1.359146e+01 9.475366e+00 9.959051e+00 
1.000000e+08 1.320197e+01 9.198764e+00 9.669315e+00 
1.032761e+08 1.282349e+01 8.930138e+00 9.387927e+00 
1.066596e+08 1.245569e+01 8.669254e+00 9.114641e+00 
1.101539e+08 1.209829e+01 8.415900e+00 8.849235e+00 
1.137627e+08 1.175103e+01 8.169876e+00 8.591499e+00 
1.174898e+08 1.141365e+01 7.930997e+00 8.341240e+00 
1.213389e+08 1.108591e+01 7.699085e+00 8.098271e+00 
1.253141e+08 1.076759e+01 7.473963e+00 7.862408e+00 
1.294196e+08 1.045843e+01 7.255457e+00 7.633466e+00 
1.336596e+08 1.015821e+01 7.043386e+00 7.411259e+00 
1.380384e+08 9.866669e+00 6.837568e+00 7.195593e+00 
1.425608e+08 9.583552e+00 6.637813e+00 6.986272e+00 
1.472313e+08 9.308596e+00 6.443930e+00 6.783094e+00 
1.520548e+08 9.041541e+00 6.255728e+00 6.585860e+00 
1.570363e+08 8.782130e+00 6.073019e+00 6.394372e+00 
1.621810e+08 8.530114e+00 5.895623e+00 6.208443e+00 
1.674943e+08 8.285261e+00 5.723370e+00 6.027893e+00 
1.729816e+08 8.047354e+00 5.556101e+00 5.852558e+00 
1.786488e+08 7.816194e+00 5.393673e+00 5.682286e+00 
1.845015e+08 7.591602e+00 5.235951e+00 5.516936e+00 
1.905461e+08 7.373407e+00 5.082811e+00 5.356380e+00 
1.967886e+08 7.161451e+00 4.934136e+00 5.200494e+00 
2.032357e+08 6.955578e+00 4.789812e+00 5.049159e+00 
2.098940e+08 6.755632e+00 4.649723e+00 4.902255e+00 
2.167704e+08 6.561455e+00 4.513753e+00 4.759660e+00 
2.238721e+08 6.372880e+00 4.381783e+00 4.621248e+00 
2.312065e+08 6.189739e+00 4.253688e+00 4.486891e+00 
2.387811e+08 6.011862e+00 4.129346e+00 4.356460e+00 
2.466039e+08 5.839079e+00 4.008634e+00 4.229826e+00 
2.546830e+08 5.671229e+00 3.891435e+00 4.106867e+00 
2.630268e+08 5.508409e+00 3.777811e+00 3.987648e+00 
2.716439e+08 5.349726e+00 3.667143e+00 3.871518e+00 
2.805434e+08 5.195803e+00 3.559853e+00 3.758924e+00 
2.897344e+08 5.045417e+00 3.455098e+00 3.648976e+00 
2.992265e+08 4.901017e+00 3.354551e+00 3.543441e+00 
3.090295e+08 4.759934e+00 3.256378e+00 3.440384e+00 
3.191538e+08 4.622912e+00 3.161085e+00 3.340340e+00 
3.296097e+08 4.489840e+00 3.068590e+00 3.243224e+00 
3.404082e+08 4.360602e+00 2.978810e+00 3.148949e+00 
3.515604e+08 4.235015e+00 2.891617e+00 3.057379e+00 
3.630781e+08 4.113158e+00 2.807058e+00 2.968567e+00 
3.749730e+08 3.994722e+00 2.724920e+00 2.882287e+00 
3.872576e+08 3.879664e+00 2.645170e+00 2.798505e+00 
3.999447e+08 3.767887e+00 2.567736e+00 2.717148e+00 
4.130475e+08 3.659299e+00 2.492554e+00 2.638146e+00 
4.265795e+08 3.553818e+00 2.419564e+00 2.561438e+00 
4.405549e+08 3.451363e+00 2.348706e+00 2.486962e+00 
4.549881e+08 3.351855e+00 2.279924e+00 2.414658e+00 
4.698941e+08 3.255214e+00 2.213161e+00 2.344467e+00 
4.852885e+08 3.161356e+00 2.148355e+00 2.276325e+00 
5.011872e+08 3.070196e+00 2.085447e+00 2.210169e+00 
5.176068e+08 2.981650e+00 2.024376e+00 2.145937e+00 
5.345644e+08 2.895637e+00 1.965084e+00 2.083567e+00 
5.520774e+08 2.812081e+00 1.907517e+00 2.023002e+00 
5.701643e+08 2.730912e+00 1.851625e+00 1.964191e+00 
5.888437e+08 2.652066e+00 1.797362e+00 1.907086e+00 
6.081350e+08 2.575071e+00 1.744405e+00 1.851344e+00 
6.280584e+08 2.501105e+00 1.693551e+00 1.797812e+00 
6.486344e+08 2.428868e+00 1.643915e+00 1.745553e+00 
6.698846e+08 2.358710e+00 1.595735e+00 1.694817e+00 
6.918310e+08 2.290569e+00 1.548964e+00 1.645558e+00 
7.144963e+08 2.224382e+00 1.503558e+00 1.597729e+00 
7.379042e+08 2.160089e+00 1.459475e+00 1.551285e+00 
7.620790e+08 2.097636e+00 1.416676e+00 1.506186e+00 
7.870458e+08 2.036887e+00 1.375091e+00 1.462343e+00 
8.128305e+08 1.978049e+00 1.334787e+00 1.419875e+00 
8.394600e+08 1.920822e+00 1.295631e+00 1.378594e+00 
8.669619e+08 1.865244e+00 1.257623e+00 1.338515e+00 
8.953648e+08 1.811266e+00 1.220728e+00 1.299603e+00 
9.246982e+08 1.758839e+00 1.184912e+00 1.261822e+00 
9.549926e+08 1.707916e+00 1.150141e+00 1.225137e+00 
9.862795e+08 1.658453e+00 1.116384e+00 1.189515e+00 
1.018591e+09 1.610407e+00 1.083611e+00 1.154924e+00 
1.051962e+09 1.563991e+00 1.051963e+00 1.121517e+00 
1.086426e+09 1.518417e+00 1.020911e+00 1.088727e+00 
1.122018e+09 1.474400e+00 9.909310e-01 1.057066e+00 
1.158777e+09 1.431485e+00 9.617187e-01 1.026208e+00 
1.196741e+09 1.390131e+00 9.335801e-01 9.964803e-01 
1.235947e+09 1.349805e+00 9.061554e-01 9.674995e-01 
1.276439e+09 1.310635e+00 8.795310e-01 9.393585e-01 
1.318257e+09 1.272591e+00 8.536839e-01 9.120331e-01 
1.361445e+09 1.235640e+00 8.285925e-01 8.855009e-01 
1.406048e+09 1.199754e+00 8.042356e-01 8.597397e-01 
1.452112e+09 1.164901e+00 7.805918e-01 8.347272e-01 
1.499685e+09 1.131052e+00 7.576400e-01 8.104412e-01 
1.548817e+09 1.098176e+00 7.353591e-01 7.868598e-01 
1.599558e+09 1.066246e+00 7.137295e-01 7.639624e-01 
1.651962e+09 1.035236e+00 6.927329e-01 7.417299e-01 
1.706082e+09 1.005120e+00 6.723517e-01 7.201439e-01 
1.761976e+09 9.758738e-01 6.525680e-01 6.991857e-01 
1.819701e+09 9.474696e-01 6.333632e-01 6.788360e-01 
1.879317e+09 9.198811e-01 6.147186e-01 6.590750e-01 
1.940886e+09 8.930829e-01 5.966167e-01 6.398843e-01 
2.004472e+09 8.670533e-01 5.790422e-01 6.212480e-01 
2.070141e+09 8.417741e-01 5.619821e-01 6.031527e-01 
2.137962e+09 8.172289e-01 5.454250e-01 5.855864e-01 
2.208005e+09 7.933996e-01 5.293581e-01 5.685358e-01 
2.280342e+09 7.702641e-01 5.137659e-01 5.519848e-01 
2.355049e+09 7.477960e-01 4.986304e-01 5.359143e-01 
2.432204e+09 7.259681e-01 4.839329e-01 5.203045e-01 
2.511886e+09 7.047568e-01 4.696569e-01 5.051383e-01 
2.594179e+09 6.841462e-01 4.557915e-01 4.904041e-01 
2.679168e+09 6.641283e-01 4.423307e-01 4.760960e-01 
2.766942e+09 6.446991e-01 4.292715e-01 4.622108e-01 
2.857591e+09 6.258507e-01 4.166080e-01 4.487428e-01 
2.951209e+09 6.077461e-01 4.044483e-01 4.358087e-01 
3.047895e+09 5.898119e-01 3.924103e-01 4.229972e-01 
3.147748e+09 5.725565e-01 3.808319e-01 4.106726e-01 
3.250873e+09 5.557707e-01 3.695736e-01 3.986850e-01 
3.357376e+09 5.394445e-01 3.586282e-01 3.870270e-01 
3.467369e+09 5.235859e-01 3.480008e-01 3.757041e-01 
3.580964e+09 5.082090e-01 3.377004e-01 3.647265e-01 
3.698282e+09 4.933148e-01 3.277272e-01 3.540947e-01 
3.819443e+09 4.788797e-01 3.180652e-01 3.437918e-01 
3.944573e+09 4.648604e-01 3.086853e-01 3.337866e-01 
4.073803e+09 4.512151e-01 2.995594e-01 3.240491e-01 
4.207266e+09 4.379245e-01 2.906745e-01 3.145652e-01 
4.345102e+09 4.249971e-01 2.820359e-01 3.053410e-01 
4.487454e+09 4.124545e-01 2.736577e-01 2.963921e-01 
4.634469e+09 4.003081e-01 2.655471e-01 2.877265e-01 
4.786301e+09 3.883779e-01 2.575845e-01 2.792148e-01 
4.943107e+09 3.771345e-01 2.500817e-01 2.711955e-01 
5.105050e+09 3.660430e-01 2.426839e-01 2.632839e-01 
5.272299e+09 3.554171e-01 2.355986e-01 2.557054e-01 
5.445027e+09 3.447520e-01 2.284912e-01 2.480971e-01 
5.623413e+09 3.345487e-01 2.216935e-01 2.408194e-01 
5.807644e+09 3.246442e-01 2.150971e-01 2.337548e-01 
5.997911e+09 3.150393e-01 2.087026e-01 2.269040e-01 
6.194411e+09 3.057305e-01 2.025074e-01 2.202646e-01 
6.397348e+09 2.967064e-01 1.965036e-01 2.138283e-01 
6.606934e+09 2.879470e-01 1.906781e-01 2.075807e-01 
6.823387e+09 2.792392e-01 1.848893e-01 2.013683e-01 
7.046931e+09 2.708791e-01 1.793333e-01 1.954043e-01 
7.277798e+09 2.627876e-01 1.739576e-01 1.896319e-01 
7.516229e+09 2.551368e-01 1.688758e-01 1.841754e-01 
7.762471e+09 2.476707e-01 1.639184e-01 1.788500e-01 
8.016781e+09 2.404361e-01 1.591163e-01 1.736898e-01 
8.279422e+09 2.334045e-01 1.544504e-01 1.686740e-01 
8.550667e+09 2.265408e-01 1.498974e-01 1.637775e-01 
8.830799e+09 2.198201e-01 1.454408e-01 1.589820e-01 
9.120108e+09 2.132400e-01 1.410787e-01 1.542859e-01 
9.418896e+09 2.068166e-01 1.368218e-01 1.497008e-01 
9.727472e+09 2.005690e-01 1.326827e-01 1.452406e-01 
1.004616e+10 1.945066e-01 1.286675e-01 1.409121e-01 
1.037528e+10 1.886298e-01 1.247762e-01 1.367156e-01 
1.071519e+10 1.829362e-01 1.210073e-01 1.326494e-01 
1.106624e+10 1.774231e-01 1.173588e-01 1.287118e-01 
1.142878e+10 1.720882e-01 1.138293e-01 1.249011e-01 
1.180321e+10 1.669310e-01 1.104182e-01 1.212170e-01 
1.218990e+10 1.619526e-01 1.071262e-01 1.176603e-01 
1.258925e+10 1.571496e-01 1.039510e-01 1.142288e-01 
1.300170e+10 1.525089e-01 1.008838e-01 1.109130e-01 
1.342765e+10 1.480089e-01 9.791049e-02 1.076973e-01 
1.386756e+10 1.436279e-01 9.501640e-02 1.045659e-01 
1.432188e+10 1.393491e-01 9.219052e-02 1.015067e-01 
1.479108e+10 1.351641e-01 8.942720e-02 9.851358e-02 
1.527566e+10 1.310737e-01 8.672688e-02 9.558705e-02 
1.577611e+10 1.270855e-01 8.409453e-02 9.273268e-02 
1.629296e+10 1.232082e-01 8.153589e-02 8.995689e-02 
1.682674e+10 1.194468e-01 7.905428e-02 8.726345e-02 
1.737801e+10 1.158021e-01 7.665008e-02 8.465289e-02 
1.794734e+10 1.122717e-01 7.432181e-02 8.212370e-02 
1.853532e+10 1.088527e-01 7.206737e-02 7.967365e-02 
1.914256e+10 1.055429e-01 6.988538e-02 7.730134e-02 
1.976970e+10 1.023426e-01 6.777592e-02 7.500697e-02 
2.041738e+10 9.925203e-02 6.573923e-02 7.279091e-02 
2.108628e+10 9.626833e-02 6.377333e-02 7.065109e-02 
2.177710e+10 9.338307e-02 6.187264e-02 6.858143e-02 
2.249055e+10 9.058425e-02 6.002918e-02 6.657319e-02 
2.322737e+10 8.786025e-02 5.823525e-02 6.461790e-02 
2.398833e+10 8.520208e-02 5.648486e-02 6.270898e-02 
2.477422e+10 8.260352e-02 5.477385e-02 6.084187e-02 
2.558586e+10 8.006321e-02 5.310131e-02 5.901560e-02 
2.642409e+10 7.758683e-02 5.147098e-02 5.723438e-02 
2.728978e+10 7.518327e-02 4.988873e-02 5.550481e-02 
2.818383e+10 7.285735e-02 4.835777e-02 5.383053e-02 
2.910717e+10 7.060782e-02 4.687725e-02 5.221067e-02 
3.006076e+10 6.843148e-02 4.544505e-02 5.064298e-02 
3.104560e+10 6.632654e-02 4.405997e-02 4.912618e-02 
3.206269e+10 6.429106e-02 4.272075e-02 4.765894e-02 
3.311311e+10 6.232142e-02 4.142495e-02 4.623863e-02 
3.419794e+10 6.041357e-02 4.016990e-02 4.486233e-02 
3.531832e+10 5.856467e-02 3.895371e-02 4.352799e-02 
3.647539e+10 5.677295e-02 3.777521e-02 4.223437e-02 
3.767038e+10 5.503513e-02 3.663220e-02 4.097907e-02 
3.890451e+10 5.334508e-02 3.552062e-02 3.975761e-02 
4.017908e+10 5.169615e-02 3.443603e-02 3.856506e-02 
4.149540e+10 5.008478e-02 3.337604e-02 3.739878e-02 
4.285485e+10 4.851282e-02 3.234188e-02 3.626019e-02 
4.425884e+10 4.698510e-02 3.133678e-02 3.515295e-02 
4.570882e+10 4.550582e-02 3.036354e-02 3.408022e-02 
4.720630e+10 4.407693e-02 2.942346e-02 3.304357e-02 
4.875285e+10 4.269773e-02 2.851608e-02 3.204252e-02 
5.035006e+10 4.136659e-02 2.764036e-02 3.107595e-02 
5.199960e+10 4.008092e-02 2.679455e-02 3.014197e-02 
5.370318e+10 3.883669e-02 2.597599e-02 2.923761e-02 
5.546257e+10 3.762901e-02 2.518142e-02 2.835928e-02 
5.727960e+10 3.645423e-02 2.440838e-02 2.750423e-02 
6.109420e+10 3.420062e-02 2.292513e-02 2.586213e-02 
6.309573e+10 3.312237e-02 2.221532e-02 2.507560e-02 
6.516284e+10 3.207542e-02 2.152600e-02 2.431132e-02 
6.729767e+10 3.105747e-02 2.085564e-02 2.356761e-02 
6.950243e+10 3.006705e-02 2.020327e-02 2.284338e-02 
7.177943e+10 2.910480e-02 1.956932e-02 2.213916e-02 
7.413102e+10 2.817330e-02 1.895552e-02 2.145695e-02 
7.655966e+10 2.727403e-02 1.836290e-02 2.079795e-02 
7.906786e+10 2.640646e-02 1.779112e-02 2.016181e-02 
8.165824e+10 2.556895e-02 1.723910e-02 1.954734e-02 
8.433348e+10 2.475917e-02 1.670527e-02 1.895280e-02 
8.709636e+10 2.397436e-02 1.618780e-02 1.837616e-02 
8.994976e+10 2.321169e-02 1.568479e-02 1.781528e-02 
9.289664e+10 2.246912e-02 1.519486e-02 1.726862e-02 
9.594006e+10 2.174545e-02 1.471722e-02 1.673530e-02 
9.908319e+10 2.104075e-02 1.425189e-02 1.621537e-02 
1.023293e+11 2.035636e-02 1.379982e-02 1.570993e-02 
1.056818e+11 1.969430e-02 1.336239e-02 1.522056e-02 
1.091440e+11 1.905515e-02 1.293999e-02 1.474777e-02 
1.127197e+11 1.843745e-02 1.253166e-02 1.429047e-02 
1.164126e+11 1.783938e-02 1.213619e-02 1.384730e-02 
1.202264e+11 1.725982e-02 1.175281e-02 1.341743e-02 
1.241652e+11 1.669868e-02 1.138150e-02 1.300084e-02 
1.282331e+11 1.615567e-02 1.102205e-02 1.259733e-02 
1.324342e+11 1.562983e-02 1.067385e-02 1.220620e-02 
1.367729e+11 1.512005e-02 1.033614e-02 1.182662e-02 
1.412538e+11 1.462497e-02 1.000800e-02 1.145756e-02 
1.458814e+11 1.414356e-02 9.688748e-03 1.109824e-02 
1.506607e+11 1.367558e-02 9.378218e-03 1.074851e-02 
1.555966e+11 1.322144e-02 9.076707e-03 1.040870e-02 
1.606941e+11 1.278160e-02 8.784544e-03 1.007922e-02 
1.659587e+11 1.235621e-02 8.501848e-03 9.760230e-03 
1.713957e+11 1.194534e-02 8.228678e-03 9.451806e-03 
1.770109e+11 1.154900e-02 7.965066e-03 9.154007e-03 
1.828100e+11 1.116652e-02 7.710567e-03 8.866342e-03 
1.887991e+11 1.079628e-02 7.464083e-03 8.587565e-03 
1.949845e+11 1.043644e-02 7.224360e-03 8.316248e-03 
2.013724e+11 1.008615e-02 6.990799e-03 8.051714e-03 
2.079697e+11 9.745686e-03 6.763621e-03 7.794228e-03 
2.147830e+11 9.415688e-03 6.543269e-03 7.544314e-03 
2.218196e+11 9.096555e-03 6.330037e-03 7.302325e-03 
2.290868e+11 8.788100e-03 6.123812e-03 7.068144e-03 
2.365920e+11 8.489956e-03 5.924353e-03 6.841508e-03 
2.443431e+11 8.201479e-03 5.731227e-03 6.621929e-03 
2.523481e+11 7.922254e-03 5.544158e-03 6.409101e-03 
2.606154e+11 7.652133e-03 5.363056e-03 6.202931e-03 
2.691535e+11 7.390861e-03 5.187757e-03 6.003242e-03 
2.779713e+11 7.137941e-03 5.017926e-03 5.809659e-03 
2.870781e+11 6.892704e-03 4.853106e-03 5.621661e-03 
2.964831e+11 6.654822e-03 4.693078e-03 5.439005e-03 
3.061963e+11 6.424272e-03 4.537835e-03 5.261691e-03 
3.162278e+11 6.200994e-03 4.387348e-03 5.089696e-03 
3.265878e+11 5.984884e-03 4.241555e-03 4.922959e-03 
3.372873e+11 5.775876e-03 4.100422e-03 4.761447e-03 
3.483373e+11 5.574114e-03 3.964067e-03 4.605308e-03 
3.597493e+11 5.379573e-03 3.832486e-03 4.454547e-03 
3.715352e+11 5.103262e-03 3.642184e-03 4.235337e-03 
3.837072e+11 5.009601e-03 3.581890e-03 4.167152e-03 
3.962780e+11 4.832831e-03 3.461941e-03 4.029447e-03 
4.092607e+11 4.661246e-03 3.345361e-03 3.895517e-03 
4.226686e+11 4.495068e-03 3.232318e-03 3.765565e-03 
4.365158e+11 4.334566e-03 3.123018e-03 3.639837e-03 
4.508167e+11 4.179786e-03 3.017509e-03 3.518396e-03 
4.655861e+11 4.030473e-03 2.915621e-03 3.401053e-03 
4.808393e+11 3.886113e-03 2.816994e-03 3.287394e-03 
4.965923e+11 3.746397e-03 2.721417e-03 3.177178e-03 
5.128614e+11 3.611264e-03 2.628856e-03 3.070372e-03 
5.296634e+11 3.480385e-03 2.539082e-03 2.966715e-03 
5.470160e+11 3.353874e-03 2.452188e-03 2.866320e-03 
5.649370e+11 3.231480e-03 2.368003e-03 2.768992e-03 
5.834451e+11 3.113143e-03 2.286492e-03 2.674697e-03 
6.025596e+11 2.998879e-03 2.207679e-03 2.583467e-03 
6.223003e+11 2.888579e-03 2.131495e-03 2.495226e-03 
6.426877e+11 2.782014e-03 2.057782e-03 2.409796e-03 
6.637431e+11 2.679069e-03 1.986467e-03 2.327093e-03 
6.854882e+11 2.579646e-03 1.917486e-03 2.247049e-03 
7.079458e+11 2.483614e-03 1.850754e-03 2.169568e-03 
7.311391e+11 2.390741e-03 1.786108e-03 2.094462e-03 
7.550922e+11 2.300870e-03 1.723439e-03 2.021609e-03 
7.798301e+11 2.214006e-03 1.662761e-03 1.951027e-03 
8.053784e+11 2.130200e-03 1.604120e-03 1.882775e-03 
8.317638e+11 2.049459e-03 1.547534e-03 1.816878e-03 
8.590135e+11 1.971653e-03 1.492916e-03 1.753235e-03 
8.871560e+11 1.896522e-03 1.440080e-03 1.691633e-03 
9.162205e+11 1.823837e-03 1.388859e-03 1.631880e-03 
9.462372e+11 1.753519e-03 1.339202e-03 1.573916e-03 
9.772372e+11 1.685638e-03 1.291171e-03 1.517819e-03 
1.009253e+12 1.620232e-03 1.244803e-03 1.463635e-03 
1.042317e+12 1.557238e-03 1.200062e-03 1.411324e-03 
1.076465e+12 1.496472e-03 1.156816e-03 1.360732e-03 
1.111732e+12 1.437828e-03 1.114989e-03 1.311775e-03 
1.148154e+12 1.381231e-03 1.074534e-03 1.264398e-03 
1.185769e+12 1.326608e-03 1.035402e-03 1.218546e-03 
1.224616e+12 1.273906e-03 9.975586e-04 1.174180e-03 
1.264736e+12 1.223093e-03 9.609889e-04 1.131286e-03 
1.306171e+12 1.174154e-03 9.256875e-04 1.089859e-03 
1.348963e+12 1.127006e-03 8.916001e-04 1.049836e-03 
1.393157e+12 1.081548e-03 8.586531e-04 1.011134e-03 
1.438799e+12 1.037706e-03 8.267997e-04 9.736979e-04 
1.485936e+12 9.954784e-04 7.960373e-04 9.375271e-04 
1.534617e+12 9.547863e-04 7.663192e-04 9.025681e-04 
1.584893e+12 9.155795e-04 7.376101e-04 8.687806e-04 
1.636817e+12 8.778082e-04 7.098773e-04 8.361276e-04 
1.690441e+12 8.414344e-04 6.830976e-04 8.045833e-04 
1.745822e+12 8.064313e-04 6.572569e-04 7.741319e-04 
1.803018e+12 7.727513e-04 6.323240e-04 7.447382e-04 
1.862087e+12 7.403145e-04 6.082410e-04 7.163351e-04 
1.923092e+12 7.090624e-04 5.849665e-04 6.888748e-04 
1.986095e+12 6.789639e-04 5.624815e-04 6.623360e-04 
2.051162e+12 6.500312e-04 5.408030e-04 6.367396e-04 
2.118361e+12 6.222372e-04 5.199158e-04 6.120688e-04 
2.187762e+12 5.955045e-04 4.997628e-04 5.882569e-04 
2.259436e+12 5.697674e-04 4.802950e-04 5.652472e-04 
2.333458e+12 5.450009e-04 4.614974e-04 5.430227e-04 
2.409905e+12 5.211953e-04 4.433684e-04 5.215824e-04 
2.488857e+12 4.983283e-04 4.258956e-04 5.009120e-04 
2.570396e+12 4.763544e-04 4.090465e-04 4.809741e-04 
2.654606e+12 4.552390e-04 3.927977e-04 4.617417e-04 
2.741574e+12 4.349454e-04 3.771237e-04 4.431852e-04 
2.831392e+12 4.154528e-04 3.620123e-04 4.252908e-04 
2.924152e+12 3.967423e-04 3.474531e-04 4.080467e-04 
3.019952e+12 3.787945e-04 3.334352e-04 3.914404e-04 
3.118890e+12 3.615638e-04 3.199246e-04 3.754323e-04 
3.221069e+12 3.450103e-04 3.068915e-04 3.599878e-04 
3.326596e+12 3.291072e-04 2.943174e-04 3.450854e-04 
3.435579e+12 3.138465e-04 2.822003e-04 3.307232e-04 
3.548134e+12 2.992222e-04 2.705404e-04 3.169014e-04 
3.664376e+12 2.852134e-04 2.593245e-04 3.036049e-04 
3.784426e+12 2.717996e-04 2.485398e-04 2.908185e-04 
3.908409e+12 2.589482e-04 2.381619e-04 2.785140e-04 
4.036454e+12 2.466206e-04 2.281627e-04 2.666583e-04 
4.168694e+12 2.348066e-04 2.185308e-04 2.552388e-04 
4.305266e+12 2.234566e-04 2.092316e-04 2.442144e-04 
4.446313e+12 2.125795e-04 2.002753e-04 2.335975e-04 
4.591980e+12 2.021806e-04 1.916719e-04 2.233997e-04 
4.742420e+12 1.922543e-04 1.834215e-04 2.136209e-04 
4.897788e+12 1.827793e-04 1.755091e-04 2.042435e-04 
5.058247e+12 1.737224e-04 1.679077e-04 1.952360e-04 
5.223962e+12 1.650464e-04 1.605863e-04 1.865620e-04 
5.395106e+12 1.567228e-04 1.535208e-04 1.781938e-04 
5.571857e+12 1.487438e-04 1.467073e-04 1.701266e-04 
5.754399e+12 1.411206e-04 1.401607e-04 1.623778e-04 
5.942922e+12 1.338599e-04 1.338925e-04 1.549603e-04 
6.137620e+12 1.269489e-04 1.278946e-04 1.478645e-04 
6.338697e+12 1.203616e-04 1.221456e-04 1.410654e-04 
6.546362e+12 1.140750e-04 1.166248e-04 1.345389e-04 
6.760830e+12 1.080541e-04 1.113053e-04 1.282532e-04 
6.982324e+12 1.023046e-04 1.061912e-04 1.222135e-04 
7.211075e+12 9.681631e-05 1.012772e-04 1.164135e-04 
7.447320e+12 9.158385e-05 9.656159e-05 1.108507e-04 
7.691304e+12 8.660385e-05 9.204450e-05 1.055250e-04 
7.943282e+12 8.186977e-05 8.772298e-05 1.004328e-04 
8.203515e+12 7.736982e-05 8.358843e-05 9.556384e-05 
8.472274e+12 7.308963e-05 7.962911e-05 9.090430e-05 
8.749838e+12 6.901266e-05 7.583055e-05 8.643736e-05 
9.036495e+12 6.512714e-05 7.218303e-05 8.215167e-05 
9.332543e+12 6.142528e-05 6.868099e-05 7.804063e-05 
9.638290e+12 5.790482e-05 6.532504e-05 7.410465e-05 
9.954054e+12 5.456446e-05 6.211698e-05 7.034544e-05 
1.028016e+13 5.139802e-05 5.905330e-05 6.675860e-05 
1.061696e+13 4.839626e-05 5.612678e-05 6.333560e-05 
1.096478e+13 4.554980e-05 5.332977e-05 6.006739e-05 
1.132400e+13 4.284828e-05 5.065324e-05 5.694344e-05 
1.169499e+13 4.028318e-05 4.809002e-05 5.395536e-05 
1.207814e+13 3.784783e-05 4.563483e-05 5.109691e-05 
1.247384e+13 3.553930e-05 4.328686e-05 4.836686e-05 
1.288250e+13 3.335525e-05 4.104610e-05 4.576482e-05 
1.330454e+13 3.129161e-05 3.891047e-05 4.328808e-05 
1.374042e+13 2.934214e-05 3.687508e-05 4.093080e-05 
1.419058e+13 2.750012e-05 3.493431e-05 3.868633e-05 
1.465548e+13 2.575832e-05 3.308159e-05 3.654702e-05 
1.513561e+13 2.411084e-05 3.131182e-05 3.450689e-05 
1.563148e+13 2.255327e-05 2.962165e-05 3.256190e-05 
1.614359e+13 2.108285e-05 2.800981e-05 3.071033e-05 
1.667247e+13 1.969718e-05 2.647551e-05 2.895095e-05 
1.721869e+13 1.839279e-05 2.501658e-05 2.728099e-05 
1.778279e+13 1.716548e-05 2.362973e-05 2.569647e-05 
1.836538e+13 1.601022e-05 2.231037e-05 2.419200e-05 
1.896706e+13 1.492243e-05 2.105433e-05 2.276274e-05 
1.958845e+13 1.389799e-05 1.985787e-05 2.140428e-05 
2.023019e+13 1.293426e-05 1.871925e-05 2.011444e-05 
2.089296e+13 1.202892e-05 1.763715e-05 1.889145e-05 
2.157744e+13 1.117982e-05 1.661046e-05 1.773376e-05 
2.228435e+13 1.038416e-05 1.563709e-05 1.663879e-05 
2.301442e+13 9.638731e-06 1.471419e-05 1.560317e-05 
2.376840e+13 8.940206e-06 1.383862e-05 1.462319e-05 
2.454709e+13 8.285486e-06 1.300738e-05 1.369538e-05 
2.535129e+13 7.672293e-06 1.221863e-05 1.281750e-05 
2.618183e+13 7.098655e-06 1.147094e-05 1.198774e-05 
2.703958e+13 6.563013e-06 1.076350e-05 1.120494e-05 
2.792544e+13 6.063359e-06 1.009474e-05 1.046713e-05 
2.884032e+13 5.603106e-06 9.472157e-06 9.781742e-06 
2.978516e+13 5.163195e-06 8.865138e-06 9.116854e-06 
3.076097e+13 4.766971e-06 8.315090e-06 8.514814e-06 
3.176874e+13 4.390407e-06 7.782134e-06 7.934351e-06 
3.280953e+13 4.038514e-06 7.276821e-06 7.385876e-06 
3.388442e+13 3.705442e-06 6.788375e-06 6.858637e-06 
3.499452e+13 3.401053e-06 6.336672e-06 6.372332e-06 
3.614099e+13 3.118073e-06 5.909784e-06 5.914628e-06 
3.732502e+13 2.855918e-06 5.507875e-06 5.485443e-06 
3.854784e+13 2.613733e-06 5.130631e-06 5.084197e-06 
3.981072e+13 2.389873e-06 4.776151e-06 4.708734e-06 
4.111497e+13 2.186894e-06 4.450827e-06 4.365092e-06 
4.246196e+13 1.998135e-06 4.142831e-06 4.041277e-06 
4.385307e+13 1.824085e-06 3.854223e-06 3.739086e-06 
4.528976e+13 1.661285e-06 3.578290e-06 3.451924e-06 
4.677351e+13 1.512034e-06 3.321026e-06 3.185362e-06 
4.830588e+13 1.374566e-06 3.079620e-06 2.936482e-06 
4.988845e+13 1.248147e-06 2.853388e-06 2.704437e-06 
5.152286e+13 1.132115e-06 2.641768e-06 2.488499e-06 
5.321083e+13 1.025747e-06 2.444006e-06 2.287765e-06 
5.495409e+13 9.283091e-07 2.259252e-06 2.101252e-06 
5.675446e+13 8.407641e-07 2.090794e-06 1.931817e-06 
5.861382e+13 7.593117e-07 1.930099e-06 1.771380e-06 
6.053409e+13 6.843773e-07 1.779114e-06 1.621538e-06 
6.251727e+13 6.149810e-07 1.635401e-06 1.480096e-06 
6.456542e+13 5.525775e-07 1.503725e-06 1.351171e-06 
6.668068e+13 4.958138e-07 1.381229e-06 1.232021e-06 
6.886523e+13 4.443710e-07 1.267721e-06 1.122327e-06 
7.112135e+13 3.979440e-07 1.163040e-06 1.021800e-06 
7.345139e+13 3.561489e-07 1.066782e-06 9.299270e-07 
7.585776e+13 3.184979e-07 9.781613e-07 8.458804e-07 
7.834296e+13 2.845034e-07 8.962939e-07 7.687643e-07 
8.090959e+13 2.537420e-07 8.203897e-07 6.977882e-07 
8.356030e+13 2.258792e-07 7.498555e-07 6.323487e-07 
8.629785e+13 2.006479e-07 6.842523e-07 5.719869e-07 
8.912509e+13 1.778548e-07 6.233491e-07 5.164253e-07 
9.204496e+13 1.573417e-07 5.670141e-07 4.654712e-07 
9.506048e+13 1.293046e-07 4.897904e-07 3.954949e-07 
9.817479e+13 1.225039e-07 4.673839e-07 3.764992e-07 
1.013911e+14 1.078553e-07 4.237019e-07 3.380001e-07 
1.047129e+14 9.482812e-08 3.837660e-07 3.031088e-07 
1.081434e+14 8.324628e-08 3.472407e-07 2.714839e-07 
1.116863e+14 7.294200e-08 3.137690e-07 2.427776e-07 
1.153453e+14 6.378679e-08 2.831133e-07 2.167440e-07 
1.191242e+14 5.567900e-08 2.551226e-07 1.932088e-07 
1.230269e+14 4.851990e-08 2.296379e-07 1.719936e-07 
1.270574e+14 4.221079e-08 2.064719e-07 1.529031e-07 
1.312200e+14 3.665555e-08 1.854153e-07 1.357316e-07 
1.355189e+14 3.176789e-08 1.662745e-07 1.202903e-07 
1.399587e+14 2.747561e-08 1.488958e-07 1.064253e-07 
1.445440e+14 2.371447e-08 1.331429e-07 9.399913e-08 
1.492794e+14 2.042484e-08 1.188813e-07 8.287903e-08 
1.541700e+14 1.754968e-08 1.059647e-07 7.292845e-08 
1.592209e+14 1.504055e-08 9.427157e-08 6.403240e-08 
1.644372e+14 1.285716e-08 8.370881e-08 5.609869e-08 
1.698244e+14 1.096339e-08 7.419363e-08 4.904430e-08 
1.753881e+14 9.326824e-09 6.565072e-08 4.279358e-08 
1.811340e+14 7.917174e-09 5.800320e-08 3.727206e-08 
1.870682e+14 6.706780e-09 5.117697e-08 3.240924e-08 
1.931968e+14 5.669340e-09 4.509081e-08 2.813265e-08 
1.995262e+14 4.781208e-09 3.966586e-08 2.437408e-08 
2.060630e+14 4.021794e-09 3.483054e-08 2.107254e-08 
2.128139e+14 3.374285e-09 3.052998e-08 1.817952e-08 
2.197860e+14 2.823893e-09 2.671456e-08 1.565143e-08 
2.269865e+14 2.356813e-09 2.333186e-08 1.344462e-08 
2.344229e+14 1.960789e-09 2.033094e-08 1.151833e-08 
2.421029e+14 1.625662e-09 1.766986e-08 9.838717e-09 
2.500345e+14 1.343179e-09 1.531716e-08 8.379149e-09 
2.582260e+14 1.106311e-09 1.324725e-08 7.117166e-09 
2.666859e+14 9.086773e-10 1.143476e-08 6.031294e-09 
2.754229e+14 7.444403e-10 9.853626e-09 5.100557e-09 
2.844461e+14 6.083396e-10 8.477360e-09 4.304754e-09 
2.937650e+14 4.956984e-10 7.279550e-09 3.624741e-09 
3.033891e+14 4.025945e-10 6.236901e-09 3.043948e-09 
3.133286e+14 3.258103e-10 5.330002e-09 2.548591e-09 
3.235937e+14 2.620173e-10 4.531148e-09 2.121732e-09 
3.341950e+14 2.109015e-10 3.859473e-09 1.768986e-09 
3.451437e+14 1.687063e-10 3.270373e-09 1.466609e-09 
3.564511e+14 1.344840e-10 2.764444e-09 1.212409e-09 
3.681290e+14 1.068379e-10 2.331339e-09 9.994634e-10 
3.801894e+14 8.455930e-11 1.961004e-09 8.213860e-10 
3.926449e+14 6.666183e-11 1.644873e-09 6.728094e-10 
4.055085e+14 5.234007e-11 1.375723e-09 5.492421e-10 
4.187936e+14 4.093144e-11 1.147392e-09 4.468832e-10 
4.325138e+14 3.188219e-11 9.543098e-10 3.624035e-10 
4.466836e+14 2.472933e-11 7.913837e-10 2.928695e-10 
4.613176e+14 1.909708e-11 6.542378e-10 2.358112e-10 
4.764310e+14 1.468188e-11 5.391495e-10 1.891624e-10 
4.920395e+14 1.123765e-11 4.429339e-10 1.511858e-10 
5.081594e+14 8.561530e-12 3.627017e-10 1.203673e-10 
5.248075e+14 6.490972e-12 2.959750e-10 9.544118e-11 
5.420009e+14 4.896713e-12 2.406627e-10 7.536076e-11 
5.597576e+14 3.675510e-12 1.949859e-10 5.925495e-11 
5.780960e+14 2.745258e-12 1.574278e-10 4.639946e-11 
5.970353e+14 2.040379e-12 1.266679e-10 3.618490e-11 
6.165950e+14 1.508983e-12 1.015698e-10 2.810375e-11 
6.367955e+14 1.110156e-12 8.114939e-11 2.173306e-11 
6.576578e+14 8.121753e-13 6.457845e-11 1.672817e-11 
6.792036e+14 5.906839e-13 5.117482e-11 1.281226e-11 
7.014553e+14 4.271371e-13 4.038844e-11 9.766053e-12 
7.244360e+14 3.070896e-13 3.174594e-11 7.408287e-12 
7.481695e+14 2.194420e-13 2.484577e-11 5.591284e-12 
7.726806e+14 1.558187e-13 1.935727e-11 4.197505e-12 
7.979947e+14 1.099489e-13 1.501359e-11 3.134583e-12 
8.241381e+14 7.710951e-14 1.159487e-11 2.328954e-12 
8.511380e+14 5.375085e-14 8.917295e-12 1.721739e-12 
8.790225e+14 3.722635e-14 6.827446e-12 1.266052e-12 
9.078205e+14 2.560343e-14 5.201952e-12 9.256065e-13 
9.375620e+14 1.747833e-14 3.942269e-12 6.724693e-13 
9.682779e+14 1.184141e-14 2.971273e-12 4.854390e-13 
