1.000000e+01 1.043387e+05 7.199976e+04 7.585261e+04 
1.032761e+01 1.032228e+05 7.122971e+04 7.504136e+04 
1.066596e+01 1.021188e+05 7.046788e+04 7.423877e+04 
1.101539e+01 1.010267e+05 6.971419e+04 7.344475e+04 
1.137627e+01 9.994616e+04 6.896855e+04 7.265922e+04 
1.174898e+01 9.887719e+04 6.823087e+04 7.188208e+04 
1.213389e+01 9.781964e+04 6.750107e+04 7.111323e+04 
1.253141e+01 9.677339e+04 6.677906e+04 7.035260e+04 
1.294196e+01 9.573830e+04 6.606477e+04 6.960009e+04 
1.336596e+01 9.471428e+04 6.535810e+04 6.885562e+04 
1.380384e+01 9.370118e+04 6.465898e+04 6.811909e+04 
1.425608e+01 9.269891e+04 6.396733e+04 6.739043e+04 
1.472313e+01 9.170734e+04 6.328306e+04 6.666956e+04 
1.520548e+01 9.072636e+04 6.260610e+04 6.595638e+04 
1.570363e+01 8.975586e+04 6.193636e+04 6.525081e+04 
1.621810e+01 8.879572e+04 6.127378e+04 6.455279e+04 
1.674943e+01 8.784583e+04 6.061828e+04 6.386221e+04 
1.729816e+01 8.690608e+04 5.996977e+04 6.317901e+04 
1.786488e+01 8.597637e+04 5.932819e+04 6.250310e+04 
1.845015e+01 8.505659e+04 5.869345e+04 6.183441e+04 
1.905461e+01 8.414663e+04 5.806550e+04 6.117286e+04 
1.967886e+01 8.324638e+04 5.744425e+04 6.051838e+04 
2.032357e+01 8.235575e+04 5.682963e+04 5.987088e+04 
2.098940e+01 8.147462e+04 5.622157e+04 5.923029e+04 
2.167704e+01 8.060291e+04 5.562001e+04 5.859654e+04 
2.238721e+01 7.974050e+04 5.502486e+04 5.796956e+04 
2.312065e+01 7.888729e+04 5.443608e+04 5.734927e+04 
2.387811e+01 7.804320e+04 5.385357e+04 5.673561e+04 
2.466039e+01 7.720812e+04 5.327729e+04 5.612849e+04 
2.546830e+01 7.638195e+04 5.270715e+04 5.552786e+04 
2.630268e+01 7.556460e+04 5.214310e+04 5.493364e+04 
2.716439e+01 7.475597e+04 5.158508e+04 5.434576e+04 
2.805434e+01 7.395598e+04 5.103301e+04 5.376415e+04 
2.897344e+01 7.316453e+04 5.048683e+04 5.318876e+04 
2.992265e+01 7.238152e+04 4.994648e+04 5.261950e+04 
3.090295e+01 7.160688e+04 4.941190e+04 5.205632e+04 
3.191538e+01 7.084050e+04 4.888302e+04 5.149915e+04 
3.296097e+01 7.008230e+04 4.835979e+04 5.094793e+04 
3.404082e+01 6.933219e+04 4.784214e+04 5.040259e+04 
3.515604e+01 6.859009e+04 4.733001e+04 4.986307e+04 
3.630781e+01 6.785590e+04 4.682336e+04 4.932931e+04 
3.749730e+01 6.712955e+04 4.632210e+04 4.880124e+04 
3.872576e+01 6.641096e+04 4.582620e+04 4.827881e+04 
3.999447e+01 6.570003e+04 4.533558e+04 4.776195e+04 
4.130475e+01 6.499669e+04 4.485021e+04 4.725061e+04 
4.265795e+01 6.430085e+04 4.437001e+04 4.674472e+04 
4.405549e+01 6.361244e+04 4.389493e+04 4.624423e+04 
4.549881e+01 6.293137e+04 4.342492e+04 4.574908e+04 
4.698941e+01 6.225757e+04 4.295993e+04 4.525921e+04 
4.852885e+01 6.159095e+04 4.249989e+04 4.477457e+04 
5.011872e+01 6.093145e+04 4.204477e+04 4.429510e+04 
5.176068e+01 6.027898e+04 4.159449e+04 4.382074e+04 
5.345644e+01 5.963348e+04 4.114902e+04 4.335144e+04 
5.520774e+01 5.899486e+04 4.070831e+04 4.288715e+04 
5.701643e+01 5.836305e+04 4.027229e+04 4.242781e+04 
5.888437e+01 5.773798e+04 3.984092e+04 4.197337e+04 
6.081350e+01 5.711958e+04 3.941415e+04 4.152377e+04 
6.280584e+01 5.650777e+04 3.899194e+04 4.107897e+04 
6.486344e+01 5.590248e+04 3.857422e+04 4.063892e+04 
6.698846e+01 5.530366e+04 3.816096e+04 4.020355e+04 
6.918310e+01 5.471121e+04 3.775211e+04 3.977283e+04 
7.144963e+01 5.412509e+04 3.734761e+04 3.934670e+04 
7.379042e+01 5.354521e+04 3.694743e+04 3.892511e+04 
7.620790e+01 5.297152e+04 3.655151e+04 3.850802e+04 
7.870458e+01 5.240394e+04 3.615982e+04 3.809537e+04 
8.128305e+01 5.184241e+04 3.577230e+04 3.768713e+04 
8.394600e+01 5.128687e+04 3.538891e+04 3.728323e+04 
8.669619e+01 5.073726e+04 3.500960e+04 3.688364e+04 
8.953648e+01 5.019350e+04 3.463434e+04 3.648831e+04 
9.246982e+01 4.965553e+04 3.426308e+04 3.609719e+04 
9.549926e+01 4.912330e+04 3.389577e+04 3.571024e+04 
9.862795e+01 4.859674e+04 3.353238e+04 3.532741e+04 
1.018591e+02 4.807579e+04 3.317286e+04 3.494866e+04 
1.051962e+02 4.756040e+04 3.281717e+04 3.457395e+04 
1.086426e+02 4.705049e+04 3.246527e+04 3.420323e+04 
1.122018e+02 4.654602e+04 3.211711e+04 3.383645e+04 
1.158777e+02 4.604692e+04 3.177267e+04 3.347359e+04 
1.196741e+02 4.555314e+04 3.143189e+04 3.311459e+04 
1.235947e+02 4.506462e+04 3.109475e+04 3.275941e+04 
1.276439e+02 4.458130e+04 3.076119e+04 3.240802e+04 
1.318257e+02 4.410313e+04 3.043119e+04 3.206037e+04 
1.361445e+02 4.363005e+04 3.010470e+04 3.171642e+04 
1.406048e+02 4.316201e+04 2.978168e+04 3.137613e+04 
1.452112e+02 4.269896e+04 2.946211e+04 3.103946e+04 
1.499685e+02 4.224083e+04 2.914593e+04 3.070638e+04 
1.548817e+02 4.178758e+04 2.883313e+04 3.037685e+04 
1.599558e+02 4.133916e+04 2.852365e+04 3.005082e+04 
1.651962e+02 4.089551e+04 2.821746e+04 2.972826e+04 
1.706082e+02 4.045658e+04 2.791453e+04 2.940914e+04 
1.761976e+02 4.002232e+04 2.761483e+04 2.909341e+04 
1.819701e+02 3.959269e+04 2.731831e+04 2.878104e+04 
1.879317e+02 3.916762e+04 2.702495e+04 2.847199e+04 
1.940886e+02 3.874708e+04 2.673471e+04 2.816623e+04 
2.004472e+02 3.833101e+04 2.644756e+04 2.786372e+04 
2.070141e+02 3.791937e+04 2.616346e+04 2.756443e+04 
2.137962e+02 3.751211e+04 2.588238e+04 2.726832e+04 
2.208005e+02 3.710917e+04 2.560429e+04 2.697536e+04 
2.280342e+02 3.671053e+04 2.532915e+04 2.668552e+04 
2.355049e+02 3.631612e+04 2.505694e+04 2.639876e+04 
2.432204e+02 3.592590e+04 2.478763e+04 2.611504e+04 
2.511886e+02 3.553984e+04 2.452117e+04 2.583434e+04 
2.594179e+02 3.515787e+04 2.425755e+04 2.555663e+04 
2.679168e+02 3.477997e+04 2.399673e+04 2.528186e+04 
2.766942e+02 3.440608e+04 2.373868e+04 2.501002e+04 
2.857591e+02 3.403617e+04 2.348337e+04 2.474106e+04 
2.951209e+02 3.367018e+04 2.323077e+04 2.447496e+04 
3.047895e+02 3.330808e+04 2.298086e+04 2.421168e+04 
3.147748e+02 3.294983e+04 2.273359e+04 2.395120e+04 
3.250873e+02 3.259539e+04 2.248896e+04 2.369349e+04 
3.357376e+02 3.224470e+04 2.224692e+04 2.343851e+04 
3.467369e+02 3.189774e+04 2.200744e+04 2.318624e+04 
3.580964e+02 3.155447e+04 2.177051e+04 2.293665e+04 
3.698282e+02 3.121483e+04 2.153610e+04 2.268970e+04 
3.819443e+02 3.087880e+04 2.130417e+04 2.244537e+04 
3.944573e+02 3.054634e+04 2.107470e+04 2.220364e+04 
4.073803e+02 3.021740e+04 2.084766e+04 2.196447e+04 
4.207266e+02 2.989196e+04 2.062303e+04 2.172784e+04 
4.345102e+02 2.956996e+04 2.040078e+04 2.149371e+04 
4.487454e+02 2.925138e+04 2.018089e+04 2.126207e+04 
4.634469e+02 2.893618e+04 1.996333e+04 2.103288e+04 
4.786301e+02 2.862432e+04 1.974807e+04 2.080612e+04 
4.943107e+02 2.831576e+04 1.953510e+04 2.058176e+04 
5.105050e+02 2.801047e+04 1.932437e+04 2.035978e+04 
5.272299e+02 2.770842e+04 1.911589e+04 2.014015e+04 
5.445027e+02 2.740956e+04 1.890960e+04 1.992285e+04 
5.623413e+02 2.711388e+04 1.870550e+04 1.970784e+04 
5.807644e+02 2.682132e+04 1.850357e+04 1.949512e+04 
5.997911e+02 2.653186e+04 1.830376e+04 1.928464e+04 
6.194411e+02 2.624546e+04 1.810608e+04 1.907639e+04 
6.397348e+02 2.596209e+04 1.791048e+04 1.887034e+04 
6.606934e+02 2.568172e+04 1.771695e+04 1.866647e+04 
6.823387e+02 2.540432e+04 1.752547e+04 1.846476e+04 
7.046931e+02 2.512985e+04 1.733601e+04 1.826518e+04 
7.277798e+02 2.485828e+04 1.714855e+04 1.806771e+04 
7.516229e+02 2.458959e+04 1.696307e+04 1.787233e+04 
7.762471e+02 2.432373e+04 1.677955e+04 1.767900e+04 
8.016781e+02 2.406068e+04 1.659797e+04 1.748772e+04 
8.279422e+02 2.380041e+04 1.641831e+04 1.729846e+04 
8.550667e+02 2.354288e+04 1.624054e+04 1.711120e+04 
8.830799e+02 2.328808e+04 1.606464e+04 1.692592e+04 
9.120108e+02 2.303596e+04 1.589061e+04 1.674258e+04 
9.418896e+02 2.278651e+04 1.571840e+04 1.656118e+04 
9.727472e+02 2.253969e+04 1.554801e+04 1.638170e+04 
1.004616e+03 2.229546e+04 1.537942e+04 1.620410e+04 
1.037528e+03 2.205382e+04 1.521261e+04 1.602838e+04 
1.071519e+03 2.181472e+04 1.504755e+04 1.585451e+04 
1.106624e+03 2.157814e+04 1.488422e+04 1.568247e+04 
1.142878e+03 2.134405e+04 1.472262e+04 1.551224e+04 
1.180321e+03 2.111243e+04 1.456272e+04 1.534380e+04 
1.218990e+03 2.088324e+04 1.440450e+04 1.517713e+04 
1.258925e+03 2.065646e+04 1.424794e+04 1.501222e+04 
1.300170e+03 2.043208e+04 1.409303e+04 1.484904e+04 
1.342765e+03 2.021005e+04 1.393974e+04 1.468757e+04 
1.386756e+03 1.999035e+04 1.378807e+04 1.452780e+04 
1.432188e+03 1.977296e+04 1.363799e+04 1.436971e+04 
1.479108e+03 1.955786e+04 1.348948e+04 1.421328e+04 
1.527566e+03 1.934501e+04 1.334253e+04 1.405849e+04 
1.577611e+03 1.913440e+04 1.319712e+04 1.390532e+04 
1.629296e+03 1.892600e+04 1.305324e+04 1.375376e+04 
1.682674e+03 1.871979e+04 1.291086e+04 1.360379e+04 
1.737801e+03 1.851573e+04 1.276997e+04 1.345538e+04 
1.794734e+03 1.831382e+04 1.263056e+04 1.330854e+04 
1.853532e+03 1.811402e+04 1.249261e+04 1.316323e+04 
1.914256e+03 1.791631e+04 1.235610e+04 1.301944e+04 
1.976970e+03 1.772067e+04 1.222102e+04 1.287715e+04 
2.041738e+03 1.752708e+04 1.208735e+04 1.273635e+04 
2.108628e+03 1.733551e+04 1.195508e+04 1.259702e+04 
2.177710e+03 1.714594e+04 1.182418e+04 1.245915e+04 
2.249055e+03 1.695836e+04 1.169466e+04 1.232272e+04 
2.322737e+03 1.677273e+04 1.156648e+04 1.218771e+04 
2.398833e+03 1.658904e+04 1.143964e+04 1.205411e+04 
2.477422e+03 1.640726e+04 1.131412e+04 1.192190e+04 
2.558586e+03 1.622739e+04 1.118991e+04 1.179106e+04 
2.642409e+03 1.604938e+04 1.106699e+04 1.166159e+04 
2.728978e+03 1.587323e+04 1.094535e+04 1.153347e+04 
2.818383e+03 1.569891e+04 1.082497e+04 1.140668e+04 
2.910717e+03 1.552641e+04 1.070585e+04 1.128120e+04 
3.006076e+03 1.535570e+04 1.058796e+04 1.115703e+04 
3.104560e+03 1.518676e+04 1.047129e+04 1.103415e+04 
3.206269e+03 1.501958e+04 1.035584e+04 1.091255e+04 
3.311311e+03 1.485413e+04 1.024158e+04 1.079220e+04 
3.419794e+03 1.469040e+04 1.012850e+04 1.067310e+04 
3.531832e+03 1.452837e+04 1.001659e+04 1.055524e+04 
3.647539e+03 1.436801e+04 9.905846e+03 1.043859e+04 
3.767038e+03 1.420931e+04 9.796242e+03 1.032315e+04 
3.890451e+03 1.405226e+04 9.687771e+03 1.020890e+04 
4.017908e+03 1.389683e+04 9.580419e+03 1.009584e+04 
4.149540e+03 1.374300e+04 9.474174e+03 9.983937e+03 
4.285485e+03 1.359077e+04 9.369024e+03 9.873191e+03 
4.425884e+03 1.344010e+04 9.264957e+03 9.763585e+03 
4.570882e+03 1.329099e+04 9.161961e+03 9.655108e+03 
4.720630e+03 1.314341e+04 9.060024e+03 9.547747e+03 
4.875285e+03 1.299735e+04 8.959134e+03 9.441490e+03 
5.035006e+03 1.285279e+04 8.859280e+03 9.336324e+03 
5.199960e+03 1.270972e+04 8.760450e+03 9.232237e+03 
5.370318e+03 1.256812e+04 8.662632e+03 9.129218e+03 
5.546257e+03 1.242796e+04 8.565817e+03 9.027254e+03 
5.727960e+03 1.228925e+04 8.469992e+03 8.926334e+03 
5.915616e+03 1.215196e+04 8.375146e+03 8.826446e+03 
6.109420e+03 1.201607e+04 8.281268e+03 8.727578e+03 
6.309573e+03 1.188157e+04 8.188349e+03 8.629720e+03 
6.516284e+03 1.174844e+04 8.096376e+03 8.532860e+03 
6.729767e+03 1.161667e+04 8.005340e+03 8.436987e+03 
6.950243e+03 1.148625e+04 7.915230e+03 8.342089e+03 
7.177943e+03 1.135715e+04 7.826035e+03 8.248157e+03 
7.413102e+03 1.122937e+04 7.737746e+03 8.155178e+03 
7.655966e+03 1.110288e+04 7.650353e+03 8.063144e+03 
7.906786e+03 1.097768e+04 7.563844e+03 7.972042e+03 
8.165824e+03 1.085375e+04 7.478211e+03 7.881862e+03 
8.433348e+03 1.073107e+04 7.393443e+03 7.792595e+03 
8.709636e+03 1.060964e+04 7.309531e+03 7.704230e+03 
8.994976e+03 1.048943e+04 7.226466e+03 7.616756e+03 
9.289664e+03 1.037043e+04 7.144237e+03 7.530165e+03 
9.594006e+03 1.025264e+04 7.062835e+03 7.444445e+03 
9.908319e+03 1.013603e+04 6.982251e+03 7.359587e+03 
1.023293e+04 1.002060e+04 6.902476e+03 7.275581e+03 
1.056818e+04 9.906322e+03 6.823500e+03 7.192418e+03 
1.091440e+04 9.793193e+03 6.745315e+03 7.110089e+03 
1.127197e+04 9.681199e+03 6.667912e+03 7.028583e+03 
1.164126e+04 9.570325e+03 6.591281e+03 6.947891e+03 
1.202264e+04 9.460559e+03 6.515414e+03 6.868005e+03 
1.241652e+04 9.351889e+03 6.440303e+03 6.788915e+03 
1.282331e+04 9.244302e+03 6.365939e+03 6.710612e+03 
1.324342e+04 9.137786e+03 6.292312e+03 6.633087e+03 
1.367729e+04 9.032329e+03 6.219416e+03 6.556331e+03 
1.412538e+04 8.927919e+03 6.147242e+03 6.480336e+03 
1.458814e+04 8.824543e+03 6.075780e+03 6.405093e+03 
1.506607e+04 8.722190e+03 6.005024e+03 6.330594e+03 
1.555966e+04 8.620849e+03 5.934966e+03 6.256829e+03 
1.606941e+04 8.520507e+03 5.865596e+03 6.183791e+03 
1.659587e+04 8.421154e+03 5.796908e+03 6.111470e+03 
1.713957e+04 8.322777e+03 5.728894e+03 6.039860e+03 
1.770109e+04 8.585851e+03 5.909668e+03 6.230547e+03 
1.828100e+04 8.478139e+03 5.835217e+03 6.152155e+03 
1.887991e+04 8.371875e+03 5.761724e+03 6.074785e+03 
1.949845e+04 8.266736e+03 5.689048e+03 5.998263e+03 
2.013724e+04 7.845690e+03 5.398984e+03 5.692533e+03 
2.079697e+04 7.752939e+03 5.334848e+03 5.625012e+03 
2.147830e+04 7.661088e+03 5.271334e+03 5.558145e+03 
2.218196e+04 7.570129e+03 5.208435e+03 5.491926e+03 
2.290868e+04 7.480049e+03 5.146142e+03 5.426346e+03 
2.365920e+04 7.390841e+03 5.084450e+03 5.361400e+03 
2.443431e+04 7.302492e+03 5.023351e+03 5.297079e+03 
2.523481e+04 7.214994e+03 4.962839e+03 5.233376e+03 
2.606154e+04 7.128336e+03 4.902906e+03 5.170284e+03 
2.691535e+04 7.042509e+03 4.843546e+03 5.107796e+03 
2.779713e+04 6.957503e+03 4.784753e+03 5.045905e+03 
2.870781e+04 6.873309e+03 4.726520e+03 4.984604e+03 
2.964831e+04 6.789917e+03 4.668840e+03 4.923887e+03 
3.061963e+04 6.707318e+03 4.611707e+03 4.863746e+03 
3.162278e+04 6.625503e+03 4.555115e+03 4.804175e+03 
3.265878e+04 6.544462e+03 4.499057e+03 4.745168e+03 
3.372873e+04 6.464187e+03 4.443528e+03 4.686717e+03 
3.483373e+04 6.384668e+03 4.388520e+03 4.628817e+03 
3.597493e+04 6.305897e+03 4.334029e+03 4.571461e+03 
3.715352e+04 6.227866e+03 4.280048e+03 4.514642e+03 
3.837072e+04 6.150565e+03 4.226572e+03 4.458356e+03 
3.962780e+04 6.073986e+03 4.173594e+03 4.402594e+03 
4.092607e+04 5.998121e+03 4.121109e+03 4.347352e+03 
4.226686e+04 5.922961e+03 4.069111e+03 4.292623e+03 
4.365158e+04 5.848498e+03 4.017594e+03 4.238402e+03 
4.508167e+04 5.774725e+03 3.966553e+03 4.184682e+03 
4.655861e+04 5.701632e+03 3.915983e+03 4.131459e+03 
4.808393e+04 5.629213e+03 3.865878e+03 4.078725e+03 
4.965923e+04 5.557459e+03 3.816232e+03 4.026476e+03 
5.128614e+04 5.486363e+03 3.767041e+03 3.974706e+03 
5.296634e+04 5.415917e+03 3.718299e+03 3.923409e+03 
5.470160e+04 5.346113e+03 3.670002e+03 3.872580e+03 
5.649370e+04 5.276945e+03 3.622143e+03 3.822215e+03 
5.834451e+04 5.208404e+03 3.574719e+03 3.772306e+03 
6.025596e+04 5.140484e+03 3.527724e+03 3.722850e+03 
6.223003e+04 5.073178e+03 3.481154e+03 3.673841e+03 
6.426877e+04 5.006478e+03 3.435003e+03 3.625275e+03 
6.637431e+04 4.940378e+03 3.389267e+03 3.577145e+03 
6.854882e+04 4.874870e+03 3.343941e+03 3.529448e+03 
7.079458e+04 4.809949e+03 3.299021e+03 3.482178e+03 
7.311391e+04 4.745607e+03 3.254502e+03 3.435331e+03 
7.550922e+04 4.681837e+03 3.210380e+03 3.388902e+03 
7.798301e+04 4.618635e+03 3.166651e+03 3.342886e+03 
8.053784e+04 4.555992e+03 3.123309e+03 3.297280e+03 
8.317638e+04 4.493904e+03 3.080352e+03 3.252078e+03 
8.590135e+04 4.432363e+03 3.037775e+03 3.207276e+03 
8.871560e+04 4.371365e+03 2.995573e+03 3.162869e+03 
9.162205e+04 4.310902e+03 2.953744e+03 3.118855e+03 
9.462372e+04 4.250969e+03 2.912282e+03 3.075228e+03 
9.772372e+04 4.191561e+03 2.871184e+03 3.031984e+03 
1.009253e+05 4.132672e+03 2.830447e+03 2.989120e+03 
1.042317e+05 4.074297e+03 2.790067e+03 2.946631e+03 
1.076465e+05 4.016429e+03 2.750039e+03 2.904514e+03 
1.111732e+05 3.959065e+03 2.710361e+03 2.862765e+03 
1.148154e+05 3.902198e+03 2.671030e+03 2.821380e+03 
1.185769e+05 3.845824e+03 2.632041e+03 2.780356e+03 
1.224616e+05 3.789937e+03 2.593391e+03 2.739689e+03 
1.264736e+05 3.734534e+03 2.555078e+03 2.699376e+03 
1.306171e+05 3.679608e+03 2.517098e+03 2.659413e+03 
1.348963e+05 3.625157e+03 2.479448e+03 2.619798e+03 
1.393157e+05 3.571175e+03 2.442125e+03 2.580526e+03 
1.438799e+05 3.517658e+03 2.405126e+03 2.541596e+03 
1.485936e+05 3.464601e+03 2.368449e+03 2.503004e+03 
1.534617e+05 3.412002e+03 2.332090e+03 2.464747e+03 
1.584893e+05 3.359855e+03 2.296048e+03 2.426822e+03 
1.636817e+05 3.308157e+03 2.260320e+03 2.389227e+03 
1.690441e+05 3.256905e+03 2.224902e+03 2.351960e+03 
1.745822e+05 3.206094e+03 2.189794e+03 2.315016e+03 
1.803018e+05 3.155721e+03 2.154992e+03 2.278395e+03 
1.862087e+05 3.105784e+03 2.120494e+03 2.242094e+03 
1.923092e+05 3.056279e+03 2.086299e+03 2.206110e+03 
1.986095e+05 3.007202e+03 2.052405e+03 2.170442e+03 
2.051162e+05 2.958551e+03 2.018809e+03 2.135088e+03 
2.118361e+05 2.910324e+03 1.985510e+03 2.100045e+03 
2.187762e+05 2.862517e+03 1.952506e+03 2.065311e+03 
2.259436e+05 2.815129e+03 1.919795e+03 2.030886e+03 
2.333458e+05 2.768157e+03 1.887377e+03 1.996768e+03 
2.409905e+05 2.721599e+03 1.855249e+03 1.962954e+03 
2.488857e+05 2.675452e+03 1.823411e+03 1.929444e+03 
2.570396e+05 2.629716e+03 1.791861e+03 1.896236e+03 
2.654606e+05 2.584388e+03 1.760598e+03 1.863329e+03 
2.741574e+05 2.539467e+03 1.729622e+03 1.830722e+03 
2.831392e+05 2.494952e+03 1.698931e+03 1.798415e+03 
2.924152e+05 2.450841e+03 1.668525e+03 1.766406e+03 
3.019952e+05 2.407133e+03 1.638402e+03 1.734694e+03 
3.118890e+05 2.363828e+03 1.608564e+03 1.703280e+03 
3.221069e+05 2.320925e+03 1.579008e+03 1.672162e+03 
3.326596e+05 2.278433e+03 1.549742e+03 1.641347e+03 
3.435579e+05 2.236331e+03 1.520752e+03 1.610820e+03 
3.548134e+05 2.194631e+03 1.492045e+03 1.580590e+03 
3.664376e+05 2.153322e+03 1.463614e+03 1.550649e+03 
3.784426e+05 2.112423e+03 1.435471e+03 1.521010e+03 
3.908409e+05 2.071926e+03 1.407612e+03 1.491667e+03 
4.036454e+05 2.031830e+03 1.380036e+03 1.462621e+03 
4.168694e+05 1.992136e+03 1.352744e+03 1.433871e+03 
4.305266e+05 1.952845e+03 1.325736e+03 1.405419e+03 
4.446313e+05 1.913958e+03 1.299013e+03 1.377264e+03 
4.591980e+05 1.875476e+03 1.272576e+03 1.349408e+03 
4.742420e+05 1.837400e+03 1.246426e+03 1.321852e+03 
4.897788e+05 1.799732e+03 1.220563e+03 1.294596e+03 
5.058247e+05 1.762473e+03 1.194988e+03 1.267642e+03 
5.223962e+05 1.725625e+03 1.169703e+03 1.240990e+03 
5.395106e+05 1.689190e+03 1.144710e+03 1.214643e+03 
5.571857e+05 1.653170e+03 1.120008e+03 1.188601e+03 
5.754399e+05 1.617567e+03 1.095600e+03 1.162866e+03 
5.942922e+05 1.582383e+03 1.071487e+03 1.137439e+03 
6.137620e+05 1.547620e+03 1.047671e+03 1.112322e+03 
6.338697e+05 1.501346e+03 1.016075e+03 1.078939e+03 
6.546362e+05 1.467776e+03 9.930912e+02 1.054694e+03 
6.760830e+05 1.445862e+03 9.780093e+02 1.038833e+03 
6.982324e+05 1.423688e+03 9.627449e+02 1.022784e+03 
7.211075e+05 1.390759e+03 9.402243e+02 9.990181e+02 
7.447320e+05 1.348038e+03 9.110960e+02 9.682246e+02 
7.691304e+05 1.316299e+03 8.894035e+02 9.453266e+02 
7.943282e+05 1.285003e+03 8.680217e+02 9.227533e+02 
8.203515e+05 1.254153e+03 8.469523e+02 9.005067e+02 
8.472274e+05 1.223753e+03 8.261973e+02 8.785886e+02 
8.749838e+05 1.193804e+03 8.057583e+02 8.570010e+02 
9.036495e+05 1.164311e+03 7.856373e+02 8.357460e+02 
9.332543e+05 1.135276e+03 7.658359e+02 8.148253e+02 
9.638290e+05 1.106701e+03 7.463559e+02 7.942409e+02 
9.954054e+05 1.078589e+03 7.271990e+02 7.739945e+02 
1.028016e+06 1.050944e+03 7.083667e+02 7.540878e+02 
1.061696e+06 1.023767e+03 6.898606e+02 7.345226e+02 
1.096478e+06 9.970614e+02 6.716819e+02 7.153003e+02 
1.132400e+06 9.708288e+02 6.538320e+02 6.964223e+02 
1.169499e+06 9.450715e+02 6.363122e+02 6.778901e+02 
1.207814e+06 9.197913e+02 6.191232e+02 6.597047e+02 
1.247384e+06 8.949899e+02 6.022662e+02 6.418671e+02 
1.288250e+06 8.706687e+02 5.857417e+02 6.243783e+02 
1.330454e+06 8.468290e+02 5.695504e+02 6.072388e+02 
1.374042e+06 8.234716e+02 5.536925e+02 5.904492e+02 
1.419058e+06 8.219934e+02 5.525510e+02 5.893503e+02 
1.465548e+06 7.990207e+02 5.369657e+02 5.728432e+02 
1.513561e+06 7.765879e+02 5.217406e+02 5.567239e+02 
1.563148e+06 7.546116e+02 5.068425e+02 5.409383e+02 
1.614359e+06 7.142080e+02 4.795791e+02 5.119472e+02 
1.667247e+06 6.937392e+02 4.657131e+02 4.972494e+02 
1.721869e+06 6.556113e+02 4.400032e+02 4.698976e+02 
1.778279e+06 6.365924e+02 4.271286e+02 4.562452e+02 
1.836538e+06 6.180045e+02 4.145593e+02 4.429058e+02 
1.896706e+06 6.163980e+02 4.133760e+02 4.417367e+02 
1.958845e+06 5.983117e+02 4.011450e+02 4.287594e+02 
2.023019e+06 5.806914e+02 3.892332e+02 4.161183e+02 
2.089296e+06 5.635332e+02 3.776376e+02 4.038104e+02 
2.157744e+06 5.468326e+02 3.663550e+02 3.918324e+02 
2.228435e+06 5.305847e+02 3.553818e+02 3.801806e+02 
2.301442e+06 5.147842e+02 3.447143e+02 3.688511e+02 
2.376840e+06 4.994253e+02 3.343482e+02 3.578396e+02 
2.454709e+06 4.845019e+02 3.242791e+02 3.471416e+02 
2.535129e+06 4.700073e+02 3.145025e+02 3.367523e+02 
2.618183e+06 4.559345e+02 3.050132e+02 3.266666e+02 
2.703958e+06 4.422762e+02 2.958063e+02 3.168789e+02 
2.792544e+06 4.290246e+02 2.868762e+02 3.073838e+02 
2.884032e+06 4.161716e+02 2.782172e+02 2.981753e+02 
2.978516e+06 4.037088e+02 2.698236e+02 2.892473e+02 
3.076097e+06 3.916275e+02 2.616893e+02 2.805934e+02 
3.176874e+06 3.799187e+02 2.538080e+02 2.722072e+02 
3.280953e+06 3.685731e+02 2.461733e+02 2.640820e+02 
3.388442e+06 3.575813e+02 2.387788e+02 2.562109e+02 
3.499452e+06 3.469338e+02 2.316178e+02 2.485870e+02 
3.614099e+06 3.366207e+02 2.246837e+02 2.412033e+02 
3.732502e+06 3.266321e+02 2.179695e+02 2.340525e+02 
3.854784e+06 3.169581e+02 2.114686e+02 2.271275e+02 
3.981072e+06 3.075887e+02 2.051740e+02 2.204212e+02 
4.111497e+06 2.985140e+02 1.990790e+02 2.139263e+02 
4.246196e+06 2.897240e+02 1.931768e+02 2.076356e+02 
4.385307e+06 2.812087e+02 1.874606e+02 2.015421e+02 
4.528976e+06 2.729586e+02 1.819237e+02 1.956387e+02 
4.677351e+06 2.649638e+02 1.765597e+02 1.899185e+02 
4.830588e+06 2.572151e+02 1.713621e+02 1.843747e+02 
4.988845e+06 2.497031e+02 1.663246e+02 1.790006e+02 
5.152286e+06 2.424190e+02 1.614412e+02 1.737899e+02 
5.321083e+06 2.353539e+02 1.567058e+02 1.687362e+02 
5.495409e+06 2.284995e+02 1.521129e+02 1.638335e+02 
5.675446e+06 2.218477e+02 1.476568e+02 1.590760e+02 
5.861382e+06 2.153907e+02 1.433324e+02 1.544580e+02 
6.053409e+06 2.091211e+02 1.391346e+02 1.499743e+02 
6.251727e+06 2.030319e+02 1.350587e+02 1.456198e+02 
6.456542e+06 1.971164e+02 1.311000e+02 1.413897e+02 
6.668068e+06 1.913683e+02 1.272544e+02 1.372795e+02 
6.886523e+06 1.857822e+02 1.235182e+02 1.332852e+02 
7.112135e+06 1.857716e+02 1.234897e+02 1.332911e+02 
7.345139e+06 1.750719e+02 1.163573e+02 1.256273e+02 
7.585776e+06 1.699377e+02 1.129260e+02 1.219564e+02 
7.834296e+06 1.600224e+02 1.063195e+02 1.148536e+02 
8.090959e+06 1.600906e+02 1.063475e+02 1.149161e+02 
8.356030e+06 1.553694e+02 1.031946e+02 1.115406e+02 
8.629785e+06 1.507782e+02 1.001294e+02 1.082581e+02 
8.912509e+06 1.463137e+02 9.714949e+01 1.050663e+02 
9.204496e+06 1.419730e+02 9.425290e+01 1.019629e+02 
9.506048e+06 1.377518e+02 9.143723e+01 9.894441e+01 
9.817479e+06 1.336513e+02 8.870192e+01 9.601321e+01 
1.013911e+07 1.296652e+02 8.604395e+01 9.316325e+01 
1.047129e+07 1.257923e+02 8.346210e+01 9.039418e+01 
1.081434e+07 1.220302e+02 8.095476e+01 8.770433e+01 
1.116863e+07 1.183768e+02 7.852037e+01 8.509207e+01 
1.153453e+07 1.148297e+02 7.615740e+01 8.255580e+01 
1.191242e+07 1.113868e+02 7.386433e+01 8.009392e+01 
1.230269e+07 1.080457e+02 7.163962e+01 7.770482e+01 
1.270574e+07 1.048043e+02 6.948173e+01 7.538689e+01 
1.312200e+07 1.016602e+02 6.738910e+01 7.313849e+01 
1.355189e+07 9.861107e+01 6.536013e+01 7.095793e+01 
1.399587e+07 9.565454e+01 6.339319e+01 6.884350e+01 
1.445440e+07 9.278814e+01 6.148662e+01 6.679344e+01 
1.492794e+07 9.000937e+01 5.963873e+01 6.480597e+01 
1.541700e+07 8.731538e+01 5.784758e+01 6.287905e+01 
1.592209e+07 8.470419e+01 5.611184e+01 6.101126e+01 
1.644372e+07 8.217289e+01 5.442955e+01 5.920052e+01 
1.698244e+07 7.971939e+01 5.279929e+01 5.744534e+01 
1.753881e+07 7.733998e+01 5.121857e+01 5.574305e+01 
1.811340e+07 7.503262e+01 4.968603e+01 5.409221e+01 
1.870682e+07 7.279454e+01 4.819979e+01 5.249081e+01 
1.931968e+07 7.062372e+01 4.675849e+01 5.093743e+01 
1.995262e+07 6.851751e+01 4.536036e+01 4.943017e+01 
2.060630e+07 6.647358e+01 4.400384e+01 4.796735e+01 
2.128139e+07 6.448973e+01 4.268743e+01 4.654740e+01 
2.197860e+07 6.256384e+01 4.140972e+01 4.516881e+01 
2.269865e+07 6.069395e+01 4.016939e+01 4.383017e+01 
2.344229e+07 5.887820e+01 3.896520e+01 4.253014e+01 
2.421029e+07 5.711488e+01 3.779599e+01 4.126752e+01 
2.500345e+07 5.540240e+01 3.666069e+01 4.004115e+01 
2.582260e+07 5.373928e+01 3.555831e+01 3.884999e+01 
2.666859e+07 5.212416e+01 3.448793e+01 3.769306e+01 
2.754229e+07 5.055579e+01 3.344871e+01 3.656947e+01 
2.844461e+07 4.903299e+01 3.243984e+01 3.547838e+01 
2.937650e+07 4.755464e+01 3.146060e+01 3.441899e+01 
3.033891e+07 4.611971e+01 3.051026e+01 3.339057e+01 
3.133286e+07 4.629848e+01 3.062760e+01 3.353036e+01 
3.235937e+07 4.337602e+01 2.869357e+01 3.142373e+01 
3.341950e+07 4.206529e+01 2.782589e+01 3.048391e+01 
3.451437e+07 4.079398e+01 2.698443e+01 2.957222e+01 
3.564511e+07 3.956108e+01 2.616852e+01 2.868794e+01 
3.681290e+07 3.836558e+01 2.537746e+01 2.783034e+01 
3.801894e+07 3.720642e+01 2.461056e+01 2.699868e+01 
3.926449e+07 3.608254e+01 2.386711e+01 2.619220e+01 
4.055085e+07 3.499278e+01 2.314632e+01 2.541008e+01 
4.187936e+07 3.393626e+01 2.244761e+01 2.465167e+01 
4.325138e+07 3.291166e+01 2.177010e+01 2.391606e+01 
4.466836e+07 3.191803e+01 2.111315e+01 2.320255e+01 
4.613176e+07 3.095413e+01 2.047593e+01 2.251025e+01 
4.764310e+07 3.001908e+01 1.985786e+01 2.183854e+01 
4.920395e+07 2.911184e+01 1.925824e+01 2.118668e+01 
5.081594e+07 2.823146e+01 1.867644e+01 2.055399e+01 
5.248075e+07 2.737705e+01 1.811187e+01 1.993983e+01 
5.420009e+07 2.654779e+01 1.756397e+01 1.934361e+01 
5.597576e+07 2.574291e+01 1.703224e+01 1.876479e+01 
5.780960e+07 2.496170e+01 1.651619e+01 1.820286e+01 
5.970353e+07 2.420351e+01 1.601540e+01 1.765736e+01 
6.165950e+07 2.346773e+01 1.552946e+01 1.712786e+01 
6.367955e+07 2.275379e+01 1.505798e+01 1.661395e+01 
6.576578e+07 2.206115e+01 1.460061e+01 1.611524e+01 
6.792036e+07 2.138927e+01 1.415699e+01 1.563137e+01 
7.014553e+07 2.073764e+01 1.372677e+01 1.516195e+01 
7.244360e+07 2.010573e+01 1.330960e+01 1.470663e+01 
7.481695e+07 1.949300e+01 1.290512e+01 1.426500e+01 
7.726806e+07 1.889890e+01 1.251297e+01 1.383670e+01 
7.979947e+07 1.832288e+01 1.213278e+01 1.342131e+01 
8.241381e+07 1.776438e+01 1.176417e+01 1.301845e+01 
8.511380e+07 1.722282e+01 1.140676e+01 1.262769e+01 
8.790225e+07 1.669763e+01 1.106018e+01 1.224865e+01 
9.078205e+07 1.618826e+01 1.072406e+01 1.188091e+01 
9.375620e+07 1.569417e+01 1.039803e+01 1.152409e+01 
9.682779e+07 1.521485e+01 1.008177e+01 1.117784e+01 
1.000000e+08 1.474982e+01 9.774945e+00 1.084180e+01 
1.032761e+08 1.430609e+01 9.481036e+00 1.051630e+01 
1.066596e+08 1.386088e+01 9.188457e+00 1.019913e+01 
1.101539e+08 1.343618e+01 8.908267e+00 9.891929e+00 
1.137627e+08 1.302418e+01 8.636462e+00 9.593816e+00 
1.174898e+08 1.262454e+01 8.372820e+00 9.304552e+00 
1.213389e+08 1.223696e+01 8.117131e+00 9.023912e+00 
1.253141e+08 1.186111e+01 7.869186e+00 8.751673e+00 
1.294196e+08 1.149668e+01 7.628776e+00 8.487613e+00 
1.336596e+08 1.114335e+01 7.395691e+00 8.231506e+00 
1.380384e+08 1.080080e+01 7.169714e+00 7.983120e+00 
1.425608e+08 1.046869e+01 6.950628e+00 7.742219e+00 
1.472313e+08 1.014669e+01 6.738207e+00 7.508562e+00 
1.520548e+08 9.834461e+00 6.532231e+00 7.281911e+00 
1.570363e+08 9.531681e+00 6.332483e+00 7.062032e+00 
1.621810e+08 9.238033e+00 6.138756e+00 6.848700e+00 
1.674943e+08 8.953220e+00 5.950851e+00 6.641703e+00 
1.729816e+08 8.676966e+00 5.768587e+00 6.440843e+00 
1.786488e+08 8.409016e+00 5.591795e+00 6.245939e+00 
1.845015e+08 8.149134e+00 5.420319e+00 6.056823e+00 
1.905461e+08 7.897100e+00 5.254013e+00 5.873340e+00 
1.967886e+08 7.652707e+00 5.092740e+00 5.695342e+00 
2.032357e+08 7.415749e+00 4.936366e+00 5.522684e+00 
2.098940e+08 7.186025e+00 4.784755e+00 5.355222e+00 
2.167704e+08 6.963327e+00 4.637773e+00 5.192810e+00 
2.238721e+08 6.747446e+00 4.495279e+00 5.035298e+00 
2.312065e+08 6.538166e+00 4.357133e+00 4.882532e+00 
2.387811e+08 6.335273e+00 4.223192e+00 4.734360e+00 
2.466039e+08 6.138555e+00 4.093317e+00 4.590629e+00 
2.546830e+08 5.947810e+00 3.967373e+00 4.451194e+00 
2.630268e+08 5.763279e+00 3.845522e+00 4.316242e+00 
2.716439e+08 5.583484e+00 3.726782e+00 4.184674e+00 
2.805434e+08 5.409560e+00 3.611909e+00 4.057345e+00 
2.897344e+08 5.239878e+00 3.499817e+00 3.933039e+00 
2.992265e+08 5.077427e+00 3.392504e+00 3.814005e+00 
3.090295e+08 4.918934e+00 3.287786e+00 3.697793e+00 
3.191538e+08 4.765304e+00 3.186267e+00 3.585086e+00 
3.296097e+08 4.616394e+00 3.087854e+00 3.475785e+00 
3.404082e+08 4.472060e+00 2.992453e+00 3.369785e+00 
3.515604e+08 4.332088e+00 2.899921e+00 3.266932e+00 
3.630781e+08 4.196536e+00 2.810298e+00 3.167273e+00 
3.749730e+08 4.065061e+00 2.723356e+00 3.070555e+00 
3.872576e+08 3.937597e+00 2.639053e+00 2.976735e+00 
3.999447e+08 3.814023e+00 2.557309e+00 2.885725e+00 
4.130475e+08 3.694225e+00 2.478048e+00 2.797444e+00 
4.265795e+08 3.578096e+00 2.401201e+00 2.711816e+00 
4.405549e+08 3.465536e+00 2.326702e+00 2.628769e+00 
4.549881e+08 3.356444e+00 2.254484e+00 2.548233e+00 
4.698941e+08 3.250719e+00 2.184481e+00 2.470135e+00 
4.852885e+08 3.148258e+00 2.116625e+00 2.394401e+00 
5.011872e+08 3.048957e+00 2.050848e+00 2.320956e+00 
5.176068e+08 2.952713e+00 1.987082e+00 2.249727e+00 
5.345644e+08 2.859426e+00 1.925262e+00 2.180642e+00 
5.520774e+08 2.769005e+00 1.865326e+00 2.113636e+00 
5.701643e+08 2.681363e+00 1.807218e+00 2.048645e+00 
5.888437e+08 2.596420e+00 1.750886e+00 1.985615e+00 
6.081350e+08 2.513691e+00 1.696004e+00 1.924176e+00 
6.280584e+08 2.434331e+00 1.643352e+00 1.865217e+00 
6.486344e+08 2.357036e+00 1.592051e+00 1.807743e+00 
6.698846e+08 2.282138e+00 1.542329e+00 1.752014e+00 
6.918310e+08 2.209561e+00 1.494134e+00 1.697973e+00 
7.144963e+08 2.139229e+00 1.447416e+00 1.645567e+00 
7.379042e+08 2.071072e+00 1.402129e+00 1.594743e+00 
7.620790e+08 2.005022e+00 1.358229e+00 1.545455e+00 
7.870458e+08 1.941182e+00 1.315753e+00 1.497722e+00 
8.128305e+08 1.879000e+00 1.274429e+00 1.451311e+00 
8.394600e+08 1.818914e+00 1.234454e+00 1.406372e+00 
8.669619e+08 1.760700e+00 1.195713e+00 1.362801e+00 
8.953648e+08 1.704301e+00 1.158167e+00 1.320555e+00 
9.246982e+08 1.649659e+00 1.121777e+00 1.279594e+00 
9.549926e+08 1.596717e+00 1.086507e+00 1.239875e+00 
9.862795e+08 1.545421e+00 1.052321e+00 1.201361e+00 
1.018591e+09 1.495723e+00 1.019187e+00 1.164015e+00 
1.051962e+09 1.447804e+00 9.872311e-01 1.127984e+00 
1.086426e+09 1.400932e+00 9.559540e-01 1.092698e+00 
1.122018e+09 1.355750e+00 9.257965e-01 1.058662e+00 
1.158777e+09 1.311835e+00 8.964702e-01 1.025549e+00 
1.196741e+09 1.269590e+00 8.682518e-01 9.936755e-01 
1.235947e+09 1.228523e+00 8.408061e-01 9.626598e-01 
1.276439e+09 1.188740e+00 8.142079e-01 9.325886e-01 
1.318257e+09 1.150205e+00 7.884317e-01 9.034338e-01 
1.361445e+09 1.112879e+00 7.634535e-01 8.751692e-01 
1.406048e+09 1.076727e+00 7.392497e-01 8.477688e-01 
1.452112e+09 1.041713e+00 7.157970e-01 8.212068e-01 
1.499685e+09 1.007801e+00 6.930718e-01 7.954575e-01 
1.548817e+09 9.749575e-01 6.710513e-01 7.704957e-01 
1.599558e+09 9.431483e-01 6.497140e-01 7.462975e-01 
1.651962e+09 9.123430e-01 6.290396e-01 7.228406e-01 
1.706082e+09 8.825118e-01 6.090086e-01 7.001038e-01 
1.761976e+09 8.536248e-01 5.896016e-01 6.780653e-01 
1.819701e+09 8.256516e-01 5.707983e-01 6.567030e-01 
1.879317e+09 7.985615e-01 5.525787e-01 6.359946e-01 
1.940886e+09 7.723257e-01 5.349238e-01 6.159190e-01 
2.004472e+09 7.469186e-01 5.178168e-01 5.964577e-01 
2.070141e+09 7.223180e-01 5.012433e-01 5.775950e-01 
2.137962e+09 6.985034e-01 4.851900e-01 5.593162e-01 
2.208005e+09 6.754530e-01 4.696427e-01 5.416057e-01 
2.280342e+09 6.531418e-01 4.545850e-01 5.244453e-01 
2.355049e+09 6.315413e-01 4.399979e-01 5.078139e-01 
2.432204e+09 6.106226e-01 4.258622e-01 4.916899e-01 
2.511886e+09 5.903601e-01 4.121610e-01 4.760544e-01 
2.594179e+09 5.707352e-01 3.988820e-01 4.608939e-01 
2.679168e+09 5.517360e-01 3.860179e-01 4.462003e-01 
2.766942e+09 5.333539e-01 3.735633e-01 4.319683e-01 
2.857591e+09 5.155772e-01 3.615110e-01 4.181900e-01 
2.951209e+09 4.985345e-01 3.499521e-01 4.049716e-01 
3.047895e+09 4.817493e-01 3.385531e-01 3.919273e-01 
3.147748e+09 4.656346e-01 3.276046e-01 3.793943e-01 
3.250873e+09 4.500143e-01 3.169837e-01 3.672306e-01 
3.357376e+09 4.348761e-01 3.066822e-01 3.554273e-01 
3.467369e+09 4.202224e-01 2.967028e-01 3.439879e-01 
3.580964e+09 4.060604e-01 2.870513e-01 3.329195e-01 
3.698282e+09 3.923864e-01 2.777258e-01 3.222206e-01 
3.819443e+09 3.791769e-01 2.687105e-01 3.118732e-01 
3.944573e+09 3.663929e-01 2.599786e-01 3.018468e-01 
4.073803e+09 3.539976e-01 2.515046e-01 2.921119e-01 
4.207266e+09 3.419723e-01 2.432759e-01 2.826542e-01 
4.345102e+09 3.303208e-01 2.352956e-01 2.734780e-01 
4.487454e+09 3.190566e-01 2.275741e-01 2.645954e-01 
4.634469e+09 3.081848e-01 2.201158e-01 2.560120e-01 
4.786301e+09 2.975631e-01 2.128195e-01 2.476105e-01 
4.943107e+09 2.875489e-01 2.059417e-01 2.396897e-01 
5.105050e+09 2.777283e-01 1.991869e-01 2.319060e-01 
5.272299e+09 2.683373e-01 1.927249e-01 2.244573e-01 
5.445027e+09 2.589913e-01 1.862799e-01 2.170229e-01 
5.623413e+09 2.500667e-01 1.801228e-01 2.099184e-01 
5.807644e+09 2.414371e-01 1.741635e-01 2.030390e-01 
5.997911e+09 2.331002e-01 1.684008e-01 1.963839e-01 
6.194411e+09 2.250503e-01 1.628313e-01 1.899492e-01 
6.397348e+09 2.172760e-01 1.574473e-01 1.837263e-01 
6.606934e+09 2.097598e-01 1.522367e-01 1.777012e-01 
6.823387e+09 2.023441e-01 1.470856e-01 1.717413e-01 
7.046931e+09 1.952427e-01 1.421496e-01 1.660282e-01 
7.277798e+09 1.883977e-01 1.373866e-01 1.605131e-01 
7.516229e+09 1.819247e-01 1.328828e-01 1.552971e-01 
7.762471e+09 1.756385e-01 1.285033e-01 1.502228e-01 
8.016781e+09 1.695705e-01 1.242716e-01 1.453176e-01 
8.279422e+09 1.636981e-01 1.201716e-01 1.405632e-01 
8.550667e+09 1.579947e-01 1.161841e-01 1.359372e-01 
8.830799e+09 1.524414e-01 1.122957e-01 1.314240e-01 
9.120108e+09 1.470354e-01 1.085044e-01 1.270214e-01 
9.418896e+09 1.417868e-01 1.048180e-01 1.227386e-01 
9.727472e+09 1.367069e-01 1.012453e-01 1.185862e-01 
1.004616e+10 1.318005e-01 9.779004e-02 1.145688e-01 
1.037528e+10 1.270655e-01 9.445141e-02 1.106853e-01 
1.071519e+10 1.224983e-01 9.122705e-02 1.069333e-01 
1.106624e+10 1.180951e-01 8.811467e-02 1.033102e-01 
1.142878e+10 1.138523e-01 8.511204e-02 9.981356e-02 
1.180321e+10 1.097676e-01 8.221786e-02 9.644195e-02 
1.218990e+10 1.058395e-01 7.943159e-02 9.319491e-02 
1.258925e+10 1.020638e-01 7.675062e-02 9.006946e-02 
1.300170e+10 9.843002e-02 7.416738e-02 8.705689e-02 
1.342765e+10 9.492240e-02 7.167056e-02 8.414401e-02 
1.386756e+10 9.152545e-02 6.924878e-02 8.131755e-02 
1.432188e+10 8.822742e-02 6.689343e-02 7.856751e-02 
1.479108e+10 8.502203e-02 6.459998e-02 7.588865e-02 
1.527566e+10 8.190889e-02 6.236835e-02 7.328093e-02 
1.577611e+10 7.889182e-02 6.020169e-02 7.074813e-02 
1.629296e+10 7.597512e-02 5.810357e-02 6.829455e-02 
1.682674e+10 7.316064e-02 5.607574e-02 6.592231e-02 
1.737801e+10 7.044742e-02 5.411781e-02 6.363103e-02 
1.794734e+10 6.783274e-02 5.222804e-02 6.141876e-02 
1.853532e+10 6.531336e-02 5.040430e-02 5.928305e-02 
1.914256e+10 6.288675e-02 4.864497e-02 5.722208e-02 
1.976970e+10 6.055170e-02 4.694946e-02 5.523521e-02 
2.041738e+10 5.830712e-02 4.531728e-02 5.332194e-02 
2.108628e+10 5.614992e-02 4.374640e-02 5.147995e-02 
2.177710e+10 5.407392e-02 4.223235e-02 4.970401e-02 
2.249055e+10 5.207101e-02 4.076909e-02 4.798711e-02 
2.322737e+10 5.013359e-02 3.935094e-02 4.632259e-02 
2.398833e+10 4.825574e-02 3.797347e-02 4.470527e-02 
2.477422e+10 4.643330e-02 3.663358e-02 4.313156e-02 
2.558586e+10 4.466488e-02 3.533035e-02 4.160042e-02 
2.642409e+10 4.295306e-02 3.406600e-02 4.011449e-02 
2.728978e+10 4.130200e-02 3.284406e-02 3.867798e-02 
2.818383e+10 3.971345e-02 3.166617e-02 3.729286e-02 
2.910717e+10 3.818570e-02 3.053127e-02 3.595791e-02 
3.006076e+10 3.671610e-02 2.943749e-02 3.467098e-02 
3.104560e+10 3.530278e-02 2.838362e-02 3.343066e-02 
3.206269e+10 3.394382e-02 2.736837e-02 3.223548e-02 
3.311311e+10 3.263644e-02 2.638975e-02 3.108311e-02 
3.419794e+10 3.137771e-02 2.544564e-02 2.997109e-02 
3.531832e+10 3.016541e-02 2.453446e-02 2.889760e-02 
3.647539e+10 2.899794e-02 2.365512e-02 2.786135e-02 
3.767038e+10 2.787290e-02 2.280589e-02 2.686034e-02 
3.890451e+10 2.678657e-02 2.198391e-02 2.589122e-02 
4.017908e+10 2.573507e-02 2.118618e-02 2.495048e-02 
4.149540e+10 2.471619e-02 2.041100e-02 2.403614e-02 
4.285485e+10 2.373045e-02 1.965894e-02 2.314890e-02 
4.425884e+10 2.277974e-02 1.893172e-02 2.229079e-02 
4.570882e+10 2.186550e-02 1.823073e-02 2.146347e-02 
4.720630e+10 2.098804e-02 1.755644e-02 2.066750e-02 
4.875285e+10 2.014635e-02 1.690821e-02 1.990214e-02 
5.035006e+10 1.933902e-02 1.628507e-02 1.916628e-02 
5.199960e+10 1.856421e-02 1.568567e-02 1.845832e-02 
5.370318e+10 1.781947e-02 1.510815e-02 1.777609e-02 
5.546257e+10 1.710206e-02 1.455034e-02 1.711704e-02 
5.727960e+10 1.640988e-02 1.401061e-02 1.647925e-02 
6.109420e+10 1.509845e-02 1.298354e-02 1.526539e-02 
6.309573e+10 1.447866e-02 1.249603e-02 1.468911e-02 
6.516284e+10 1.388180e-02 1.202518e-02 1.413247e-02 
6.729767e+10 1.330650e-02 1.156993e-02 1.359423e-02 
6.950243e+10 1.275178e-02 1.112956e-02 1.307355e-02 
7.177943e+10 1.221757e-02 1.070414e-02 1.257050e-02 
7.413102e+10 1.170458e-02 1.029442e-02 1.208599e-02 
7.655966e+10 1.121301e-02 9.900720e-03 1.162040e-02 
7.906786e+10 1.074219e-02 9.522628e-03 1.117322e-02 
8.165824e+10 1.029105e-02 9.159330e-03 1.074351e-02 
8.433348e+10 9.858247e-03 8.809782e-03 1.033005e-02 
8.709636e+10 9.442332e-03 8.472823e-03 9.931461e-03 
8.994976e+10 9.041887e-03 8.147293e-03 9.546398e-03 
9.289664e+10 8.655850e-03 7.832341e-03 9.173862e-03 
9.594006e+10 8.283522e-03 7.527426e-03 8.813220e-03 
9.908319e+10 7.924691e-03 7.232450e-03 8.464360e-03 
1.023293e+11 7.579631e-03 6.947760e-03 8.127688e-03 
1.056818e+11 7.248814e-03 6.673898e-03 7.803836e-03 
1.091440e+11 6.932143e-03 6.410896e-03 7.492838e-03 
1.127197e+11 6.628778e-03 6.158100e-03 7.193926e-03 
1.164126e+11 6.337790e-03 5.914757e-03 6.906216e-03 
1.202264e+11 6.058527e-03 5.680361e-03 6.629115e-03 
1.241652e+11 5.790718e-03 5.454758e-03 6.362440e-03 
1.282331e+11 5.534014e-03 5.237721e-03 6.105919e-03 
1.324342e+11 5.287852e-03 5.028814e-03 5.859044e-03 
1.367729e+11 5.051634e-03 4.827564e-03 5.621256e-03 
1.412538e+11 4.824703e-03 4.633428e-03 5.391922e-03 
1.458814e+11 4.606538e-03 4.445986e-03 5.170548e-03 
1.506607e+11 4.396885e-03 4.265070e-03 4.956937e-03 
1.555966e+11 4.195705e-03 4.090719e-03 4.751130e-03 
1.606941e+11 4.002957e-03 3.922975e-03 4.553173e-03 
1.659587e+11 3.818495e-03 3.761782e-03 4.362992e-03 
1.713957e+11 3.642145e-03 3.607053e-03 4.180484e-03 
1.770109e+11 3.473714e-03 3.458687e-03 4.005521e-03 
1.828100e+11 3.312805e-03 3.316373e-03 3.837739e-03 
1.887991e+11 3.158756e-03 3.179534e-03 3.676463e-03 
1.949845e+11 3.010882e-03 3.047548e-03 3.520966e-03 
2.013724e+11 2.868804e-03 2.920093e-03 3.370876e-03 
2.079697e+11 2.732490e-03 2.797195e-03 3.226217e-03 
2.147830e+11 2.601983e-03 2.678961e-03 3.087108e-03 
2.218196e+11 2.477251e-03 2.565429e-03 2.953586e-03 
2.290868e+11 2.358100e-03 2.456466e-03 2.825492e-03 
2.365920e+11 2.244290e-03 2.351891e-03 2.702610e-03 
2.443431e+11 2.135515e-03 2.251451e-03 2.584643e-03 
2.523481e+11 2.031544e-03 2.154961e-03 2.471375e-03 
2.606154e+11 1.932217e-03 2.062317e-03 2.362676e-03 
2.691535e+11 1.837351e-03 1.973381e-03 2.258384e-03 
2.779713e+11 1.746708e-03 1.887957e-03 2.158268e-03 
2.870781e+11 1.660018e-03 1.805808e-03 2.062052e-03 
2.964831e+11 1.577106e-03 1.726796e-03 1.969571e-03 
3.061963e+11 1.497872e-03 1.650862e-03 1.880752e-03 
3.162278e+11 1.422207e-03 1.577935e-03 1.795512e-03 
3.265878e+11 1.349991e-03 1.507938e-03 1.713752e-03 
3.372873e+11 1.281119e-03 1.440799e-03 1.635388e-03 
3.483373e+11 1.215528e-03 1.376501e-03 1.560393e-03 
3.597493e+11 1.153118e-03 1.314983e-03 1.488690e-03 
3.715352e+11 1.075046e-03 1.234658e-03 1.395867e-03 
3.837072e+11 1.036935e-03 1.199452e-03 1.354191e-03 
3.962780e+11 9.827315e-04 1.145030e-03 1.290919e-03 
4.092607e+11 9.309699e-04 1.092715e-03 1.230158e-03 
4.226686e+11 8.816284e-04 1.042522e-03 1.171916e-03 
4.365158e+11 8.346902e-04 9.944721e-04 1.116213e-03 
4.508167e+11 7.900897e-04 9.485314e-04 1.063003e-03 
4.655861e+11 7.477063e-04 9.045984e-04 1.012167e-03 
4.808393e+11 7.073779e-04 8.625173e-04 9.635231e-04 
4.965923e+11 6.689881e-04 8.221835e-04 9.169501e-04 
5.128614e+11 6.324688e-04 7.835495e-04 8.723893e-04 
5.296634e+11 5.977068e-04 7.465106e-04 8.297186e-04 
5.470160e+11 5.646675e-04 7.110581e-04 7.889232e-04 
5.649370e+11 5.332565e-04 6.771071e-04 7.499036e-04 
5.834451e+11 5.034134e-04 6.446143e-04 7.126064e-04 
6.025596e+11 4.750914e-04 6.135524e-04 6.769963e-04 
6.223003e+11 4.482228e-04 5.838675e-04 6.430084e-04 
6.426877e+11 4.227248e-04 5.554836e-04 6.105534e-04 
6.637431e+11 3.985359e-04 5.283502e-04 5.795709e-04 
6.854882e+11 3.755985e-04 5.024207e-04 5.500048e-04 
7.079458e+11 3.538511e-04 4.776425e-04 5.217923e-04 
7.311391e+11 3.332217e-04 4.539462e-04 4.948529e-04 
7.550922e+11 3.136520e-04 4.312788e-04 4.691245e-04 
7.798301e+11 2.951075e-04 4.096188e-04 4.445790e-04 
8.053784e+11 2.775594e-04 3.889525e-04 4.211969e-04 
8.317638e+11 2.609730e-04 3.692575e-04 3.989494e-04 
8.590135e+11 2.452962e-04 3.504868e-04 3.777806e-04 
8.871560e+11 2.304644e-04 3.325725e-04 3.576130e-04 
9.162205e+11 2.164202e-04 3.154547e-04 3.383778e-04 
9.462372e+11 2.031272e-04 2.991021e-04 3.200377e-04 
9.772372e+11 1.905669e-04 2.835088e-04 3.025825e-04 
1.009253e+12 1.787157e-04 2.686620e-04 2.859943e-04 
1.042317e+12 1.675396e-04 2.545326e-04 2.702378e-04 
1.076465e+12 1.569928e-04 2.410723e-04 2.552578e-04 
1.111732e+12 1.470405e-04 2.282474e-04 2.410147e-04 
1.148154e+12 1.376527e-04 2.160306e-04 2.274761e-04 
1.185769e+12 1.288001e-04 2.043948e-04 2.146098e-04 
1.224616e+12 1.204568e-04 1.933172e-04 2.023882e-04 
1.264736e+12 1.126002e-04 1.827788e-04 1.907882e-04 
1.306171e+12 1.052087e-04 1.727626e-04 1.797883e-04 
1.348963e+12 9.825595e-05 1.632427e-04 1.693582e-04 
1.393157e+12 9.171522e-05 1.541910e-04 1.594655e-04 
1.438799e+12 8.556131e-05 1.455825e-04 1.500806e-04 
1.485936e+12 7.978454e-05 1.374113e-04 1.411959e-04 
1.534617e+12 7.435614e-05 1.296481e-04 1.327767e-04 
1.584893e+12 6.925954e-05 1.222768e-04 1.248040e-04 
1.636817e+12 6.447676e-05 1.152799e-04 1.172570e-04 
1.690441e+12 5.999144e-05 1.086418e-04 1.101172e-04 
1.745822e+12 5.578848e-05 1.023486e-04 1.033676e-04 
1.803018e+12 5.185194e-05 9.638431e-05 9.698935e-05 
1.862087e+12 4.816445e-05 9.072921e-05 9.095997e-05 
1.923092e+12 4.471111e-05 8.536722e-05 8.526087e-05 
1.986095e+12 4.147942e-05 8.028605e-05 7.987738e-05 
2.051162e+12 3.845979e-05 7.547861e-05 7.480004e-05 
2.118361e+12 3.564051e-05 7.093322e-05 7.001488e-05 
2.187762e+12 3.300747e-05 6.663280e-05 6.550270e-05 
2.259436e+12 3.054826e-05 6.256255e-05 6.124681e-05 
2.333458e+12 2.825333e-05 5.871271e-05 5.723558e-05 
2.409905e+12 2.611410e-05 5.507519e-05 5.345907e-05 
2.488857e+12 2.412166e-05 5.164071e-05 4.990623e-05 
2.570396e+12 2.226648e-05 4.839798e-05 4.656422e-05 
2.654606e+12 2.053999e-05 4.533718e-05 4.342171e-05 
2.741574e+12 1.893397e-05 4.244866e-05 4.046763e-05 
2.831392e+12 1.744131e-05 3.972464e-05 3.769283e-05 
2.924152e+12 1.605530e-05 3.715775e-05 3.508861e-05 
3.019952e+12 1.476942e-05 3.474067e-05 3.264641e-05 
3.118890e+12 1.357652e-05 3.246402e-05 3.035578e-05 
3.221069e+12 1.247011e-05 3.031936e-05 2.820734e-05 
3.326596e+12 1.144459e-05 2.829977e-05 2.619320e-05 
3.435579e+12 1.049523e-05 2.640014e-05 2.430723e-05 
3.548134e+12 9.617542e-06 2.461558e-05 2.254354e-05 
3.664376e+12 8.806741e-06 2.294008e-05 2.089529e-05 
3.784426e+12 8.058313e-06 2.136789e-05 1.935594e-05 
3.908409e+12 7.367653e-06 1.989255e-05 1.791840e-05 
4.036454e+12 6.729783e-06 1.850666e-05 1.657466e-05 
4.168694e+12 6.142780e-06 1.720835e-05 1.532244e-05 
4.305266e+12 5.600946e-06 1.598847e-05 1.415201e-05 
4.446313e+12 5.102288e-06 1.484539e-05 1.306112e-05 
4.591980e+12 4.644266e-06 1.377644e-05 1.204640e-05 
4.742420e+12 4.224145e-06 1.277813e-05 1.110380e-05 
4.897788e+12 3.839013e-06 1.184609e-05 1.022857e-05 
5.058247e+12 3.485914e-06 1.097538e-05 9.415559e-06 
5.223962e+12 3.162052e-06 1.016114e-05 8.659744e-06 
5.395106e+12 2.865032e-06 9.399350e-06 7.956924e-06 
5.571857e+12 2.593018e-06 8.687432e-06 7.304206e-06 
5.754399e+12 2.344549e-06 8.023918e-06 6.699631e-06 
5.942922e+12 2.118108e-06 7.407020e-06 6.140988e-06 
6.137620e+12 1.911931e-06 6.833871e-06 5.625197e-06 
6.338697e+12 1.724191e-06 6.301065e-06 5.148794e-06 
6.546362e+12 1.553429e-06 5.805919e-06 4.709049e-06 
6.760830e+12 1.397510e-06 5.343977e-06 4.301568e-06 
6.982324e+12 1.255935e-06 4.915025e-06 3.925879e-06 
7.211075e+12 1.127395e-06 4.516726e-06 3.579525e-06 
7.447320e+12 1.010870e-06 4.147384e-06 3.260674e-06 
7.691304e+12 9.054218e-07 3.805447e-06 2.967631e-06 
7.943282e+12 8.101329e-07 3.489267e-06 2.698659e-06 
8.203515e+12 7.240952e-07 3.197044e-06 2.451935e-06 
8.472274e+12 6.464517e-07 2.926976e-06 2.225673e-06 
8.749838e+12 5.764011e-07 2.677292e-06 2.018153e-06 
9.036495e+12 5.132507e-07 2.446514e-06 1.827914e-06 
9.332543e+12 4.563955e-07 2.233400e-06 1.653702e-06 
9.638290e+12 4.053104e-07 2.036955e-06 1.494470e-06 
9.954054e+12 3.595082e-07 1.856241e-06 1.349232e-06 
1.028016e+13 3.184993e-07 1.690185e-06 1.216920e-06 
1.061696e+13 2.818151e-07 1.537669e-06 1.096463e-06 
1.096478e+13 2.490294e-07 1.397647e-06 9.868663e-07 
1.132400e+13 2.197465e-07 1.269102e-06 8.871804e-07 
1.169499e+13 1.936174e-07 1.151141e-06 7.965661e-07 
1.207814e+13 1.703335e-07 1.042980e-06 7.142837e-07 
1.247384e+13 1.496269e-07 9.439777e-07 6.397051e-07 
1.288250e+13 1.312513e-07 8.535292e-07 5.722436e-07 
1.330454e+13 1.149723e-07 7.710140e-07 5.113150e-07 
1.374042e+13 1.005680e-07 6.957915e-07 4.563376e-07 
1.419058e+13 8.783588e-08 6.272526e-07 4.067671e-07 
1.465548e+13 7.659208e-08 5.648195e-07 3.620954e-07 
1.513561e+13 6.667469e-08 5.079829e-07 3.218732e-07 
1.563148e+13 5.794167e-08 4.562992e-07 2.857062e-07 
1.614359e+13 5.026786e-08 4.093833e-07 2.532473e-07 
1.667247e+13 4.353951e-08 3.668748e-07 2.241747e-07 
1.721869e+13 3.765071e-08 3.284138e-07 1.981760e-07 
1.778279e+13 3.250455e-08 2.936502e-07 1.749547e-07 
1.836538e+13 2.801259e-08 2.622447e-07 1.542306e-07 
1.896706e+13 2.409684e-08 2.338914e-07 1.357523e-07 
1.958845e+13 2.068845e-08 2.083141e-07 1.192946e-07 
2.023019e+13 1.772803e-08 1.852787e-07 1.046635e-07 
2.089296e+13 1.516245e-08 1.645695e-07 9.168198e-08 
2.157744e+13 1.294408e-08 1.459864e-07 8.018751e-08 
2.228435e+13 1.102961e-08 1.293342e-07 7.002619e-08 
2.301442e+13 9.380053e-09 1.144269e-07 6.105457e-08 
2.376840e+13 7.960917e-09 1.010923e-07 5.314215e-08 
2.454709e+13 6.742002e-09 8.917496e-08 4.617221e-08 
2.535129e+13 5.697330e-09 7.854045e-08 4.004358e-08 
2.618183e+13 4.804083e-09 6.906734e-08 3.466550e-08 
2.703958e+13 4.042312e-09 6.064693e-08 2.995712e-08 
2.792544e+13 3.394077e-09 5.317415e-08 2.584265e-08 
2.884032e+13 2.846382e-09 4.659745e-08 2.227509e-08 
2.978516e+13 2.376845e-09 4.068701e-08 1.912525e-08 
3.076097e+13 1.985613e-09 3.556608e-08 1.643436e-08 
3.176874e+13 1.652227e-09 3.098864e-08 1.407192e-08 
3.280953e+13 1.370129e-09 2.693505e-08 1.201499e-08 
3.388442e+13 1.134163e-09 2.338117e-08 1.024308e-08 
3.499452e+13 9.343818e-10 2.021460e-08 8.694651e-09 
3.614099e+13 7.690737e-10 1.747318e-08 7.376430e-09 
3.732502e+13 6.314284e-10 1.507664e-08 6.244968e-09 
3.854784e+13 5.168948e-10 1.298015e-08 5.273729e-09 
3.981072e+13 4.227254e-10 1.117288e-08 4.451150e-09 
4.111497e+13 3.449195e-10 9.602136e-09 3.749787e-09 
4.246196e+13 2.806340e-10 8.237406e-09 3.151873e-09 
4.385307e+13 2.274371e-10 7.044572e-09 2.640118e-09 
4.528976e+13 1.837949e-10 6.012315e-09 2.206177e-09 
4.677351e+13 1.480869e-10 5.120594e-09 1.839013e-09 
4.830588e+13 1.189485e-10 4.351528e-09 1.528995e-09 
4.988845e+13 9.524906e-11 3.689869e-09 1.267965e-09 
5.152286e+13 7.603916e-11 3.122119e-09 1.048835e-09 
5.321083e+13 6.051544e-11 2.635997e-09 8.653436e-10 
5.495409e+13 4.800705e-11 2.220570e-09 7.120572e-10 
5.675446e+13 3.803310e-11 1.869916e-09 5.854602e-10 
5.861382e+13 2.998270e-11 1.568413e-09 4.792641e-10 
6.053409e+13 2.351575e-11 1.310686e-09 3.906526e-10 
6.251727e+13 1.836294e-11 1.091223e-09 3.171426e-10 
6.456542e+13 1.430727e-11 9.073788e-10 2.570345e-10 
6.668068e+13 1.110814e-11 7.526021e-10 2.077024e-10 
6.886523e+13 8.596113e-12 6.227994e-10 1.673823e-10 
7.112135e+13 6.636527e-12 5.146983e-10 1.346497e-10 
7.345139e+13 5.109954e-12 4.246919e-10 1.080959e-10 
7.585776e+13 3.916368e-12 3.493101e-10 8.644950e-11 
7.834296e+13 2.981345e-12 2.857042e-10 6.871694e-11 
8.090959e+13 2.264292e-12 2.334161e-10 5.453167e-11 
8.356030e+13 1.715716e-12 1.903934e-10 4.319133e-11 
8.629785e+13 1.294902e-12 1.549654e-10 3.410940e-11 
8.912509e+13 9.705001e-13 1.254118e-10 2.676897e-11 
9.204496e+13 7.239898e-13 1.011494e-10 2.092538e-11 
9.506048e+13 4.385353e-13 7.045238e-11 1.377982e-11 
9.817479e+13 3.975759e-13 6.517306e-11 1.264428e-11 
1.013911e+14 2.927537e-13 5.208287e-11 9.777165e-12 
1.047129e+14 2.146497e-13 4.150031e-11 7.533664e-12 
1.081434e+14 1.566637e-13 3.296336e-11 5.783035e-12 
1.116863e+14 1.137743e-13 2.609002e-11 4.420744e-12 
1.153453e+14 8.220786e-14 2.057481e-11 3.364962e-12 
1.191242e+14 5.910716e-14 1.616894e-11 2.550792e-12 
1.230269e+14 4.229050e-14 1.266336e-11 1.925791e-12 
1.270574e+14 3.010730e-14 9.883604e-12 1.447932e-12 
1.312200e+14 2.132178e-14 7.685914e-12 1.083925e-12 
1.355189e+14 1.501650e-14 5.953650e-12 8.076932e-13 
1.399587e+14 1.051631e-14 4.593509e-12 5.990327e-13 
1.445440e+14 7.322780e-15 3.529891e-12 4.421686e-13 
1.492794e+14 5.069037e-15 2.701324e-12 3.247814e-13 
1.541700e+14 3.487049e-15 2.058048e-12 2.373104e-13 
1.592209e+14 2.383370e-15 1.560689e-12 1.724578e-13 
1.644372e+14 1.618645e-15 1.178079e-12 1.246545e-13 
1.698244e+14 1.092335e-15 8.852246e-13 8.962170e-14 
1.753881e+14 7.325965e-16 6.622464e-13 6.410056e-14 
1.811340e+14 4.883339e-16 4.933103e-13 4.561386e-14 
1.870682e+14 3.235255e-16 3.659156e-13 3.229472e-14 
1.931968e+14 2.129731e-16 2.702247e-13 2.274431e-14 
1.995262e+14 1.392532e-16 1.986210e-13 1.592866e-14 
2.060630e+14 9.040417e-17 1.452594e-13 1.108927e-14 
2.128139e+14 5.826989e-17 1.056981e-13 7.674012e-15 
2.197860e+14 3.728656e-17 7.652351e-14 5.278721e-15 
2.269865e+14 2.367605e-17 5.510287e-14 3.607842e-15 
2.344229e+14 1.491008e-17 3.944525e-14 2.448824e-15 
2.421029e+14 9.310209e-18 2.806324e-14 1.650232e-15 
2.500345e+14 5.765110e-18 1.984453e-14 1.104222e-15 
2.582260e+14 3.541447e-18 1.395247e-14 7.339082e-16 
2.666859e+14 2.158807e-18 9.756850e-15 4.846627e-16 
2.754229e+14 1.305915e-18 6.786828e-15 3.180402e-16 
2.844461e+14 7.837508e-19 4.695364e-15 2.073446e-16 
2.937650e+14 4.663526e-19 3.229213e-15 1.342217e-16 
3.033891e+14 2.749452e-19 2.206572e-15 8.622248e-17 
3.133286e+14 1.605482e-19 1.497553e-15 5.494487e-17 
3.235937e+14 9.259285e-20 1.006680e-15 3.463677e-17 
3.341950e+14 5.312210e-20 6.750868e-16 2.175524e-17 
3.451437e+14 3.010649e-20 4.484654e-16 1.351937e-17 
3.564511e+14 1.690000e-20 2.959160e-16 8.334457e-18 
3.681290e+14 9.394350e-21 1.939292e-16 5.096459e-18 
3.801894e+14 5.168247e-21 1.261692e-16 3.089624e-18 
3.926449e+14 2.812998e-21 8.146535e-17 1.856321e-18 
4.055085e+14 1.514583e-21 5.219828e-17 1.105254e-18 
4.187936e+14 8.066122e-22 3.318854e-17 6.520819e-19 
4.325138e+14 4.248304e-22 2.093789e-17 3.811737e-19 
4.466836e+14 2.211778e-22 1.310198e-17 2.206728e-19 
4.613176e+14 1.137842e-22 8.129724e-18 1.264852e-19 
4.764310e+14 5.783347e-23 5.001547e-18 7.177017e-20 
4.920395e+14 2.903911e-23 3.050738e-18 4.031159e-20 
5.081594e+14 1.439685e-23 1.844212e-18 2.240292e-20 
5.248075e+14 7.044570e-24 1.104538e-18 1.231433e-20 
5.420009e+14 3.401754e-24 6.553466e-19 6.694296e-21 
5.597576e+14 1.620803e-24 3.851497e-19 3.598500e-21 
5.780960e+14 7.619418e-25 2.242147e-19 1.912749e-21 
5.970353e+14 3.533530e-25 1.292833e-19 1.005231e-21 
6.165950e+14 1.615998e-25 7.382041e-20 5.221912e-22 
6.367955e+14 7.283306e-26 4.172101e-20 2.679811e-22 
6.576578e+14 3.232946e-26 2.332690e-20 1.357831e-22 
6.792036e+14 1.412728e-26 1.289797e-20 6.790142e-23 
7.014553e+14 6.078366e-27 7.053770e-21 3.351800e-23 
7.244360e+14 2.574236e-27 3.814822e-21 1.632818e-23 
7.481695e+14 1.072330e-27 2.039164e-21 7.844988e-24 
7.726806e+14 4.392193e-28 1.077022e-21 3.716238e-24 
7.979947e+14 1.769151e-28 5.621284e-22 1.735884e-24 
8.241381e+14 7.007240e-29 2.899358e-22 7.995378e-25 
8.511380e+14 2.728132e-29 1.477554e-22 3.630301e-25 
8.790225e+14 1.042999e-29 7.434402e-23 1.623543e-25 
9.078205e+14 3.912199e-30 3.690711e-23 7.146073e-26 
9.375620e+14 1.438619e-30 1.806559e-23 3.093490e-26 
9.682779e+14 5.185894e-31 8.718248e-24 1.316943e-26 
