1.000000e+01 5.266856e+04 4.776500e+04 5.477758e+04 
1.032761e+01 5.210532e+04 4.725416e+04 5.419172e+04 
1.066596e+01 5.154810e+04 4.674878e+04 5.361212e+04 
1.101539e+01 5.099682e+04 4.624880e+04 5.303871e+04 
1.137627e+01 5.045144e+04 4.575416e+04 5.247142e+04 
1.174898e+01 4.991189e+04 4.526480e+04 5.191019e+04 
1.213389e+01 4.937809e+04 4.478067e+04 5.135495e+04 
1.253141e+01 4.885000e+04 4.430171e+04 5.080565e+04 
1.294196e+01 4.832755e+04 4.382786e+04 5.026221e+04 
1.336596e+01 4.781067e+04 4.335907e+04 4.972457e+04 
1.380384e+01 4.729932e+04 4.289529e+04 4.919268e+04 
1.425608e+01 4.679343e+04 4.243647e+04 4.866646e+04 
1.472313e+01 4.629295e+04 4.198254e+04 4.814587e+04 
1.520548e+01 4.579780e+04 4.153346e+04 4.763083e+04 
1.570363e+01 4.530795e+04 4.108918e+04 4.712129e+04 
1.621810e+01 4.482333e+04 4.064964e+04 4.661720e+04 
1.674943e+01 4.434388e+04 4.021479e+04 4.611848e+04 
1.729816e+01 4.386955e+04 3.978459e+04 4.562509e+04 
1.786488e+01 4.340029e+04 3.935898e+04 4.513697e+04 
1.845015e+01 4.293604e+04 3.893792e+04 4.465406e+04 
1.905461e+01 4.247675e+04 3.852135e+04 4.417631e+04 
1.967886e+01 4.202236e+04 3.810923e+04 4.370366e+04 
2.032357e+01 4.157282e+04 3.770151e+04 4.323606e+04 
2.098940e+01 4.112809e+04 3.729814e+04 4.277344e+04 
2.167704e+01 4.068810e+04 3.689908e+04 4.231577e+04 
2.238721e+01 4.025281e+04 3.650428e+04 4.186298e+04 
2.312065e+01 3.982217e+04 3.611370e+04 4.141502e+04 
2.387811e+01 3.939613e+04 3.572728e+04 4.097185e+04 
2.466039e+01 3.897463e+04 3.534499e+04 4.053341e+04 
2.546830e+01 3.855764e+04 3.496678e+04 4.009965e+04 
2.630268e+01 3.814510e+04 3.459261e+04 3.967052e+04 
2.716439e+01 3.773696e+04 3.422243e+04 3.924596e+04 
2.805434e+01 3.733318e+04 3.385621e+04 3.882595e+04 
2.897344e+01 3.693371e+04 3.349389e+04 3.841041e+04 
2.992265e+01 3.653851e+04 3.313544e+04 3.799931e+04 
3.090295e+01 3.614752e+04 3.278082e+04 3.759259e+04 
3.191538e+01 3.576071e+04 3.242998e+04 3.719022e+04 
3.296097e+01 3.537802e+04 3.208289e+04 3.679214e+04 
3.404082e+01 3.499942e+04 3.173950e+04 3.639831e+04 
3.515604e+01 3.462487e+04 3.139978e+04 3.600868e+04 
3.630781e+01 3.425431e+04 3.106368e+04 3.562321e+04 
3.749730e+01 3.388770e+04 3.073117e+04 3.524185e+04 
3.872576e+01 3.352501e+04 3.040220e+04 3.486457e+04 
3.999447e+01 3.316619e+04 3.007675e+04 3.449130e+04 
4.130475e+01 3.281120e+04 2.975477e+04 3.412202e+04 
4.265795e+01 3.246000e+04 2.943623e+04 3.375668e+04 
4.405549e+01 3.211255e+04 2.912108e+04 3.339524e+04 
4.549881e+01 3.176880e+04 2.880930e+04 3.303765e+04 
4.698941e+01 3.142872e+04 2.850084e+04 3.268388e+04 
4.852885e+01 3.109227e+04 2.819567e+04 3.233388e+04 
5.011872e+01 3.075941e+04 2.789376e+04 3.198762e+04 
5.176068e+01 3.043010e+04 2.759507e+04 3.164505e+04 
5.345644e+01 3.010431e+04 2.729957e+04 3.130613e+04 
5.520774e+01 2.978199e+04 2.700722e+04 3.097083e+04 
5.701643e+01 2.946311e+04 2.671799e+04 3.063910e+04 
5.888437e+01 2.914764e+04 2.643184e+04 3.031092e+04 
6.081350e+01 2.883552e+04 2.614874e+04 2.998623e+04 
6.280584e+01 2.852674e+04 2.586867e+04 2.966500e+04 
6.486344e+01 2.822125e+04 2.559158e+04 2.934720e+04 
6.698846e+01 2.791902e+04 2.531744e+04 2.903279e+04 
6.918310e+01 2.762002e+04 2.504623e+04 2.872173e+04 
7.144963e+01 2.732420e+04 2.477791e+04 2.841398e+04 
7.379042e+01 2.703154e+04 2.451245e+04 2.810952e+04 
7.620790e+01 2.674200e+04 2.424982e+04 2.780830e+04 
7.870458e+01 2.645554e+04 2.399000e+04 2.751030e+04 
8.128305e+01 2.617215e+04 2.373294e+04 2.721547e+04 
8.394600e+01 2.589177e+04 2.347862e+04 2.692378e+04 
8.669619e+01 2.561438e+04 2.322701e+04 2.663520e+04 
8.953648e+01 2.533995e+04 2.297809e+04 2.634970e+04 
9.246982e+01 2.506845e+04 2.273182e+04 2.606724e+04 
9.549926e+01 2.479984e+04 2.248817e+04 2.578779e+04 
9.862795e+01 2.453409e+04 2.224712e+04 2.551131e+04 
1.018591e+02 2.427118e+04 2.200864e+04 2.523778e+04 
1.051962e+02 2.401107e+04 2.177270e+04 2.496717e+04 
1.086426e+02 2.375373e+04 2.153927e+04 2.469944e+04 
1.122018e+02 2.349914e+04 2.130833e+04 2.443456e+04 
1.158777e+02 2.324726e+04 2.107985e+04 2.417250e+04 
1.196741e+02 2.299806e+04 2.085381e+04 2.391324e+04 
1.235947e+02 2.275152e+04 2.063017e+04 2.365673e+04 
1.276439e+02 2.250760e+04 2.040892e+04 2.340296e+04 
1.318257e+02 2.226629e+04 2.019002e+04 2.315189e+04 
1.361445e+02 2.202754e+04 1.997345e+04 2.290349e+04 
1.406048e+02 2.179134e+04 1.975919e+04 2.265774e+04 
1.452112e+02 2.155765e+04 1.954721e+04 2.241460e+04 
1.499685e+02 2.132646e+04 1.933749e+04 2.217405e+04 
1.548817e+02 2.109772e+04 1.913000e+04 2.193606e+04 
1.599558e+02 2.087143e+04 1.892472e+04 2.170060e+04 
1.651962e+02 2.064754e+04 1.872162e+04 2.146765e+04 
1.706082e+02 2.042603e+04 1.852069e+04 2.123718e+04 
1.761976e+02 2.020689e+04 1.832189e+04 2.100916e+04 
1.819701e+02 1.999008e+04 1.812521e+04 2.078357e+04 
1.879317e+02 1.977557e+04 1.793062e+04 2.056038e+04 
1.940886e+02 1.956335e+04 1.773811e+04 2.033956e+04 
2.004472e+02 1.935339e+04 1.754764e+04 2.012109e+04 
2.070141e+02 1.914566e+04 1.735920e+04 1.990494e+04 
2.137962e+02 1.894015e+04 1.717276e+04 1.969109e+04 
2.208005e+02 1.873682e+04 1.698830e+04 1.947951e+04 
2.280342e+02 1.853565e+04 1.680581e+04 1.927019e+04 
2.355049e+02 1.833663e+04 1.662526e+04 1.906308e+04 
2.432204e+02 1.813972e+04 1.644662e+04 1.885818e+04 
2.511886e+02 1.794490e+04 1.626989e+04 1.865546e+04 
2.594179e+02 1.775216e+04 1.609503e+04 1.845489e+04 
2.679168e+02 1.756147e+04 1.592204e+04 1.825646e+04 
2.766942e+02 1.737280e+04 1.575088e+04 1.806013e+04 
2.857591e+02 1.718614e+04 1.558154e+04 1.786588e+04 
2.951209e+02 1.700147e+04 1.541400e+04 1.767370e+04 
3.047895e+02 1.681876e+04 1.524823e+04 1.748356e+04 
3.147748e+02 1.663799e+04 1.508423e+04 1.729544e+04 
3.250873e+02 1.645914e+04 1.492198e+04 1.710931e+04 
3.357376e+02 1.628219e+04 1.476144e+04 1.692516e+04 
3.467369e+02 1.610713e+04 1.460261e+04 1.674297e+04 
3.580964e+02 1.593392e+04 1.444546e+04 1.656271e+04 
3.698282e+02 1.576255e+04 1.428999e+04 1.638436e+04 
3.819443e+02 1.559300e+04 1.413616e+04 1.620790e+04 
3.944573e+02 1.542526e+04 1.398396e+04 1.603332e+04 
4.073803e+02 1.525929e+04 1.383338e+04 1.586058e+04 
4.207266e+02 1.509509e+04 1.368440e+04 1.568968e+04 
4.345102e+02 1.493262e+04 1.353700e+04 1.552059e+04 
4.487454e+02 1.477189e+04 1.339116e+04 1.535329e+04 
4.634469e+02 1.461286e+04 1.324687e+04 1.518776e+04 
4.786301e+02 1.445551e+04 1.310410e+04 1.502399e+04 
4.943107e+02 1.429984e+04 1.296285e+04 1.486195e+04 
5.105050e+02 1.414581e+04 1.282310e+04 1.470163e+04 
5.272299e+02 1.399342e+04 1.268482e+04 1.454301e+04 
5.445027e+02 1.384265e+04 1.254802e+04 1.438606e+04 
5.623413e+02 1.369347e+04 1.241266e+04 1.423078e+04 
5.807644e+02 1.354587e+04 1.227873e+04 1.407714e+04 
5.997911e+02 1.339984e+04 1.214622e+04 1.392512e+04 
6.194411e+02 1.325536e+04 1.201512e+04 1.377472e+04 
6.397348e+02 1.311241e+04 1.188540e+04 1.362590e+04 
6.606934e+02 1.297097e+04 1.175705e+04 1.347866e+04 
6.823387e+02 1.283103e+04 1.163006e+04 1.333297e+04 
7.046931e+02 1.269257e+04 1.150442e+04 1.318883e+04 
7.277798e+02 1.255557e+04 1.138010e+04 1.304620e+04 
7.516229e+02 1.242003e+04 1.125710e+04 1.290509e+04 
7.762471e+02 1.228592e+04 1.113540e+04 1.276546e+04 
8.016781e+02 1.215322e+04 1.101498e+04 1.262731e+04 
8.279422e+02 1.202194e+04 1.089583e+04 1.249061e+04 
8.550667e+02 1.189203e+04 1.077795e+04 1.235536e+04 
8.830799e+02 1.176351e+04 1.066130e+04 1.222154e+04 
9.120108e+02 1.163634e+04 1.054589e+04 1.208912e+04 
9.418896e+02 1.151051e+04 1.043170e+04 1.195810e+04 
9.727472e+02 1.138602e+04 1.031871e+04 1.182847e+04 
1.004616e+03 1.126284e+04 1.020691e+04 1.170020e+04 
1.037528e+03 1.114095e+04 1.009629e+04 1.157328e+04 
1.071519e+03 1.102036e+04 9.986842e+03 1.144769e+04 
1.106624e+03 1.090104e+04 9.878542e+03 1.132343e+04 
1.142878e+03 1.078297e+04 9.771384e+03 1.120048e+04 
1.180321e+03 1.066616e+04 9.665353e+03 1.107882e+04 
1.218990e+03 1.055057e+04 9.560439e+03 1.095844e+04 
1.258925e+03 1.043620e+04 9.456629e+03 1.083932e+04 
1.300170e+03 1.032304e+04 9.353911e+03 1.072146e+04 
1.342765e+03 1.021107e+04 9.252273e+03 1.060484e+04 
1.386756e+03 1.010028e+04 9.151704e+03 1.048944e+04 
1.432188e+03 9.990650e+03 9.052192e+03 1.037525e+04 
1.479108e+03 9.882178e+03 8.953725e+03 1.026226e+04 
1.527566e+03 9.774847e+03 8.856292e+03 1.015045e+04 
1.577611e+03 9.668645e+03 8.759881e+03 1.003982e+04 
1.629296e+03 9.563559e+03 8.664483e+03 9.930347e+03 
1.682674e+03 9.459578e+03 8.570085e+03 9.822021e+03 
1.737801e+03 9.356689e+03 8.476677e+03 9.714829e+03 
1.794734e+03 9.254880e+03 8.384248e+03 9.608760e+03 
1.853532e+03 9.154141e+03 8.292787e+03 9.503800e+03 
1.914256e+03 9.054458e+03 8.202284e+03 9.399938e+03 
1.976970e+03 8.955821e+03 8.112728e+03 9.297161e+03 
2.041738e+03 8.858218e+03 8.024109e+03 9.195459e+03 
2.108628e+03 8.761638e+03 7.936417e+03 9.094819e+03 
2.177710e+03 8.666070e+03 7.849642e+03 8.995229e+03 
2.249055e+03 8.571502e+03 7.763773e+03 8.896679e+03 
2.322737e+03 8.477925e+03 7.678801e+03 8.799156e+03 
2.398833e+03 8.385326e+03 7.594716e+03 8.702649e+03 
2.477422e+03 8.293696e+03 7.511508e+03 8.607148e+03 
2.558586e+03 8.203024e+03 7.429168e+03 8.512642e+03 
2.642409e+03 8.113299e+03 7.347686e+03 8.419119e+03 
2.728978e+03 8.024510e+03 7.267053e+03 8.326568e+03 
2.818383e+03 7.936649e+03 7.187259e+03 8.234980e+03 
2.910717e+03 7.849704e+03 7.108296e+03 8.144343e+03 
3.006076e+03 7.763666e+03 7.030153e+03 8.054647e+03 
3.104560e+03 7.678524e+03 6.952823e+03 7.965881e+03 
3.206269e+03 7.594270e+03 6.876296e+03 7.878036e+03 
3.311311e+03 7.510892e+03 6.800563e+03 7.791102e+03 
3.419794e+03 7.428381e+03 6.725616e+03 7.705067e+03 
3.531832e+03 7.346729e+03 6.651446e+03 7.619923e+03 
3.647539e+03 7.265925e+03 6.578045e+03 7.535660e+03 
3.767038e+03 7.185960e+03 6.505403e+03 7.452268e+03 
3.890451e+03 7.106826e+03 6.433513e+03 7.369736e+03 
4.017908e+03 7.028512e+03 6.362367e+03 7.288057e+03 
4.149540e+03 6.951010e+03 6.291956e+03 7.207220e+03 
4.285485e+03 6.874311e+03 6.222271e+03 7.127216e+03 
4.425884e+03 6.798405e+03 6.153306e+03 7.048036e+03 
4.570882e+03 6.723285e+03 6.085052e+03 6.969670e+03 
4.720630e+03 6.648942e+03 6.017501e+03 6.892111e+03 
4.875285e+03 6.575367e+03 5.950646e+03 6.815348e+03 
5.035006e+03 6.502551e+03 5.884478e+03 6.739373e+03 
5.199960e+03 6.430486e+03 5.818990e+03 6.664177e+03 
5.370318e+03 6.359165e+03 5.754175e+03 6.589752e+03 
5.546257e+03 6.288577e+03 5.690025e+03 6.516089e+03 
5.727960e+03 6.218717e+03 5.626533e+03 6.443180e+03 
5.915616e+03 6.149575e+03 5.563692e+03 6.371016e+03 
6.109420e+03 6.081143e+03 5.501493e+03 6.299588e+03 
6.309573e+03 6.013414e+03 5.439931e+03 6.228890e+03 
6.516284e+03 5.946379e+03 5.378997e+03 6.158912e+03 
6.729767e+03 5.880032e+03 5.318686e+03 6.089646e+03 
6.950243e+03 5.814364e+03 5.258989e+03 6.021085e+03 
7.177943e+03 5.749368e+03 5.199901e+03 5.953221e+03 
7.413102e+03 5.685036e+03 5.141414e+03 5.886046e+03 
7.655966e+03 5.621361e+03 5.083522e+03 5.819552e+03 
7.906786e+03 5.558336e+03 5.026218e+03 5.753731e+03 
8.165824e+03 5.495953e+03 4.969495e+03 5.688577e+03 
8.433348e+03 5.434205e+03 4.913347e+03 5.624081e+03 
8.709636e+03 5.373085e+03 4.857768e+03 5.560236e+03 
8.994976e+03 5.312586e+03 4.802750e+03 5.497036e+03 
9.289664e+03 5.252702e+03 4.748289e+03 5.434472e+03 
9.594006e+03 5.193424e+03 4.694377e+03 5.372537e+03 
9.908319e+03 5.134747e+03 4.641009e+03 5.311225e+03 
1.023293e+04 5.076664e+03 4.588177e+03 5.250528e+03 
1.056818e+04 5.019167e+03 4.535877e+03 5.190440e+03 
1.091440e+04 4.962251e+03 4.484102e+03 5.130953e+03 
1.127197e+04 4.905908e+03 4.432847e+03 5.072062e+03 
1.164126e+04 4.850133e+03 4.382104e+03 5.013758e+03 
1.202264e+04 4.794919e+03 4.331870e+03 4.956036e+03 
1.241652e+04 4.740259e+03 4.282137e+03 4.898888e+03 
1.282331e+04 4.686148e+03 4.232900e+03 4.842309e+03 
1.324342e+04 4.632578e+03 4.184154e+03 4.786292e+03 
1.367729e+04 4.579545e+03 4.135893e+03 4.730831e+03 
1.412538e+04 4.527041e+03 4.088112e+03 4.675918e+03 
1.458814e+04 4.475061e+03 4.040804e+03 4.621549e+03 
1.506607e+04 4.423599e+03 3.993965e+03 4.567717e+03 
1.555966e+04 4.372649e+03 3.947590e+03 4.514415e+03 
1.606941e+04 4.322205e+03 3.901672e+03 4.461638e+03 
1.659587e+04 4.272261e+03 3.856208e+03 4.409379e+03 
1.713957e+04 4.222812e+03 3.811190e+03 4.357634e+03 
1.770109e+04 4.173852e+03 3.766616e+03 4.306395e+03 
1.828100e+04 4.125375e+03 3.722479e+03 4.255658e+03 
1.887991e+04 4.077377e+03 3.678774e+03 4.205416e+03 
1.949845e+04 4.029850e+03 3.635497e+03 4.155663e+03 
2.013724e+04 3.982790e+03 3.592642e+03 4.106395e+03 
2.079697e+04 3.936192e+03 3.550205e+03 4.057606e+03 
2.147830e+04 3.890050e+03 3.508182e+03 4.009289e+03 
2.218196e+04 3.844360e+03 3.466566e+03 3.961440e+03 
2.290868e+04 3.799114e+03 3.425354e+03 3.914054e+03 
2.365920e+04 3.754310e+03 3.384540e+03 3.867125e+03 
2.443431e+04 3.709941e+03 3.344121e+03 3.820647e+03 
2.523481e+04 3.666002e+03 3.304092e+03 3.774616e+03 
2.606154e+04 3.622489e+03 3.264448e+03 3.729026e+03 
2.691535e+04 3.579397e+03 3.225185e+03 3.683873e+03 
2.779713e+04 3.536720e+03 3.186298e+03 3.639152e+03 
2.870781e+04 3.494454e+03 3.147783e+03 3.594856e+03 
2.964831e+04 3.452594e+03 3.109636e+03 3.550983e+03 
3.061963e+04 3.411136e+03 3.071852e+03 3.507526e+03 
3.162278e+04 3.370074e+03 3.034428e+03 3.464480e+03 
3.265878e+04 3.329404e+03 2.997359e+03 3.421842e+03 
3.372873e+04 3.289122e+03 2.960641e+03 3.379607e+03 
3.483373e+04 3.249222e+03 2.924270e+03 3.337769e+03 
3.597493e+04 3.209701e+03 2.888241e+03 3.296325e+03 
3.715352e+04 3.170554e+03 2.852552e+03 3.255269e+03 
3.837072e+04 3.131777e+03 2.817198e+03 3.214598e+03 
3.962780e+04 3.093365e+03 2.782175e+03 3.174306e+03 
4.092607e+04 3.055314e+03 2.747479e+03 3.134391e+03 
4.226686e+04 3.017620e+03 2.713107e+03 3.094846e+03 
4.365158e+04 2.980278e+03 2.679055e+03 3.055668e+03 
4.508167e+04 2.943285e+03 2.645319e+03 3.016854e+03 
4.655861e+04 2.906636e+03 2.611895e+03 2.978397e+03 
4.808393e+04 2.870328e+03 2.578780e+03 2.940296e+03 
4.965923e+04 2.834356e+03 2.545971e+03 2.902545e+03 
5.128614e+04 2.798716e+03 2.513463e+03 2.865140e+03 
5.296634e+04 2.763405e+03 2.481254e+03 2.828078e+03 
5.470160e+04 2.728419e+03 2.449339e+03 2.791355e+03 
5.649370e+04 2.693753e+03 2.417716e+03 2.754967e+03 
5.834451e+04 2.659405e+03 2.386381e+03 2.718910e+03 
6.025596e+04 2.625370e+03 2.355331e+03 2.683181e+03 
6.223003e+04 2.831775e+03 2.539948e+03 2.893107e+03 
6.426877e+04 2.791117e+03 2.502918e+03 2.850540e+03 
6.637431e+04 2.751396e+03 2.466577e+03 2.808653e+03 
6.854882e+04 2.711777e+03 2.430494e+03 2.767174e+03 
7.079458e+04 2.460889e+03 2.205107e+03 2.510204e+03 
7.311391e+04 2.428645e+03 2.175689e+03 2.476354e+03 
7.550922e+04 2.396691e+03 2.146535e+03 2.442806e+03 
7.798301e+04 2.365022e+03 2.117641e+03 2.409559e+03 
8.053784e+04 2.333635e+03 2.089005e+03 2.376608e+03 
8.317638e+04 2.302527e+03 2.060623e+03 2.343950e+03 
8.590135e+04 2.271695e+03 2.032493e+03 2.311582e+03 
8.871560e+04 2.241135e+03 2.004612e+03 2.279502e+03 
9.162205e+04 2.210845e+03 1.976977e+03 2.247706e+03 
9.462372e+04 2.180822e+03 1.949586e+03 2.216191e+03 
9.772372e+04 2.151062e+03 1.922436e+03 2.184954e+03 
1.009253e+05 2.121563e+03 1.895525e+03 2.153993e+03 
1.042317e+05 2.092322e+03 1.868850e+03 2.123305e+03 
1.076465e+05 2.063335e+03 1.842408e+03 2.092886e+03 
1.111732e+05 2.034601e+03 1.816198e+03 2.062735e+03 
1.148154e+05 2.006116e+03 1.790217e+03 2.032849e+03 
1.185769e+05 1.977877e+03 1.764462e+03 2.003224e+03 
1.224616e+05 1.949883e+03 1.738931e+03 1.973859e+03 
1.264736e+05 1.922130e+03 1.713623e+03 1.944752e+03 
1.306171e+05 1.894616e+03 1.688534e+03 1.915899e+03 
1.348963e+05 1.867339e+03 1.663663e+03 1.887299e+03 
1.393157e+05 1.840296e+03 1.639009e+03 1.858949e+03 
1.438799e+05 1.703891e+03 1.516995e+03 1.720205e+03 
1.485936e+05 1.680252e+03 1.495519e+03 1.695559e+03 
1.534617e+05 1.657004e+03 1.474296e+03 1.671140e+03 
1.584893e+05 1.733595e+03 1.541879e+03 1.747365e+03 
1.636817e+05 1.707699e+03 1.518283e+03 1.720244e+03 
1.690441e+05 1.682025e+03 1.494892e+03 1.693361e+03 
1.745822e+05 1.656569e+03 1.471704e+03 1.666715e+03 
1.803018e+05 1.631330e+03 1.448717e+03 1.640303e+03 
1.862087e+05 1.606306e+03 1.425931e+03 1.614124e+03 
1.923092e+05 1.581495e+03 1.403342e+03 1.588177e+03 
1.986095e+05 1.556896e+03 1.380951e+03 1.562459e+03 
2.051162e+05 1.532508e+03 1.358756e+03 1.536970e+03 
2.118361e+05 1.508327e+03 1.336755e+03 1.511708e+03 
2.187762e+05 1.484354e+03 1.314948e+03 1.486672e+03 
2.259436e+05 1.460586e+03 1.293333e+03 1.461861e+03 
2.333458e+05 1.437022e+03 1.271908e+03 1.437273e+03 
2.409905e+05 1.413661e+03 1.250674e+03 1.412907e+03 
2.488857e+05 1.390502e+03 1.229629e+03 1.388763e+03 
2.570396e+05 1.367543e+03 1.208772e+03 1.364840e+03 
2.654606e+05 1.344784e+03 1.188102e+03 1.341136e+03 
2.741574e+05 1.322223e+03 1.167620e+03 1.317651e+03 
2.831392e+05 1.299860e+03 1.147323e+03 1.294384e+03 
2.924152e+05 1.277694e+03 1.127211e+03 1.271335e+03 
3.019952e+05 1.255723e+03 1.107285e+03 1.248503e+03 
3.118890e+05 1.288436e+03 1.135565e+03 1.280019e+03 
3.221069e+05 1.265325e+03 1.114634e+03 1.256058e+03 
3.326596e+05 1.242655e+03 1.094030e+03 1.232424e+03 
3.435579e+05 1.220019e+03 1.073546e+03 1.208986e+03 
3.548134e+05 1.149374e+03 1.010853e+03 1.138038e+03 
3.664376e+05 1.128560e+03 9.920213e+02 1.116495e+03 
3.784426e+05 1.107940e+03 9.733732e+02 1.095167e+03 
3.908409e+05 1.087513e+03 9.549084e+02 1.074056e+03 
4.036454e+05 1.067280e+03 9.366271e+02 1.053160e+03 
4.168694e+05 1.047239e+03 9.185294e+02 1.032481e+03 
4.305266e+05 1.027393e+03 9.006155e+02 1.012018e+03 
4.446313e+05 1.007740e+03 8.828859e+02 9.917718e+02 
4.591980e+05 9.882821e+02 8.653409e+02 9.717433e+02 
4.742420e+05 9.690187e+02 8.479810e+02 9.519328e+02 
4.897788e+05 9.499507e+02 8.308067e+02 9.323409e+02 
5.058247e+05 9.310788e+02 8.138188e+02 9.129684e+02 
5.223962e+05 9.124036e+02 7.970177e+02 8.938159e+02 
5.395106e+05 8.939259e+02 7.804043e+02 8.748843e+02 
5.571857e+05 8.756467e+02 7.639794e+02 8.561745e+02 
5.754399e+05 8.575669e+02 7.477439e+02 8.376874e+02 
5.942922e+05 8.396876e+02 7.316985e+02 8.194241e+02 
6.137620e+05 8.220098e+02 7.158444e+02 8.013854e+02 
6.338697e+05 8.045348e+02 7.001824e+02 7.835727e+02 
6.546362e+05 7.872637e+02 6.847138e+02 7.659869e+02 
6.760830e+05 7.701980e+02 6.694395e+02 7.486293e+02 
6.982324e+05 7.533389e+02 6.543607e+02 7.315010e+02 
7.211075e+05 7.366879e+02 6.394786e+02 7.146034e+02 
7.447320e+05 7.202465e+02 6.247944e+02 6.979376e+02 
7.691304e+05 7.040161e+02 6.103092e+02 6.815049e+02 
7.943282e+05 6.879983e+02 5.960244e+02 6.653066e+02 
8.203515e+05 6.721946e+02 5.819412e+02 6.493440e+02 
8.472274e+05 6.566067e+02 5.680608e+02 6.336184e+02 
8.749838e+05 6.412362e+02 5.543844e+02 6.181311e+02 
9.036495e+05 6.260847e+02 5.409134e+02 6.028833e+02 
9.332543e+05 6.111537e+02 5.276490e+02 5.878762e+02 
9.638290e+05 5.964450e+02 5.145923e+02 5.731110e+02 
9.954054e+05 5.819601e+02 5.017446e+02 5.585890e+02 
1.028016e+06 5.677005e+02 4.891070e+02 5.443111e+02 
1.061696e+06 5.536678e+02 4.766806e+02 5.302785e+02 
1.096478e+06 5.398636e+02 4.644664e+02 5.164921e+02 
1.132400e+06 5.262891e+02 4.524654e+02 5.029528e+02 
1.169499e+06 5.129457e+02 4.406785e+02 4.896614e+02 
1.207814e+06 4.998349e+02 4.291066e+02 4.766187e+02 
1.247384e+06 4.869576e+02 4.177503e+02 4.638252e+02 
1.288250e+06 4.743151e+02 4.066104e+02 4.512815e+02 
1.330454e+06 4.619084e+02 3.956874e+02 4.389878e+02 
1.374042e+06 4.497382e+02 3.849817e+02 4.269446e+02 
1.419058e+06 4.378054e+02 3.744935e+02 4.151517e+02 
1.465548e+06 4.261105e+02 3.642231e+02 4.036092e+02 
1.513561e+06 4.146541e+02 3.541706e+02 3.923169e+02 
1.563148e+06 4.034362e+02 3.443356e+02 3.812743e+02 
1.614359e+06 3.924572e+02 3.347181e+02 3.704809e+02 
1.667247e+06 3.817169e+02 3.253175e+02 3.599360e+02 
1.721869e+06 3.712150e+02 3.161333e+02 3.496386e+02 
1.778279e+06 3.609512e+02 3.071646e+02 3.395875e+02 
1.836538e+06 3.509246e+02 2.984105e+02 3.297815e+02 
1.896706e+06 3.411346e+02 2.898699e+02 3.202190e+02 
1.958845e+06 3.315799e+02 2.815413e+02 3.108983e+02 
2.023019e+06 3.222592e+02 2.734234e+02 3.018173e+02 
2.089296e+06 3.131711e+02 2.655143e+02 2.929739e+02 
2.157744e+06 3.043137e+02 2.578122e+02 2.843658e+02 
2.228435e+06 2.956851e+02 2.503149e+02 2.759902e+02 
2.301442e+06 2.872829e+02 2.430201e+02 2.678445e+02 
2.376840e+06 2.791048e+02 2.359253e+02 2.599255e+02 
2.454709e+06 2.711480e+02 2.290278e+02 2.522300e+02 
2.535129e+06 2.634096e+02 2.223248e+02 2.447546e+02 
2.618183e+06 2.558865e+02 2.158131e+02 2.374957e+02 
2.703958e+06 2.485753e+02 2.094896e+02 2.304494e+02 
2.792544e+06 2.414724e+02 2.033508e+02 2.236117e+02 
2.884032e+06 2.345742e+02 1.973932e+02 2.169786e+02 
2.978516e+06 2.278765e+02 1.916130e+02 2.105456e+02 
3.076097e+06 2.213754e+02 1.860064e+02 2.043082e+02 
3.176874e+06 2.150665e+02 1.805695e+02 1.982619e+02 
3.280953e+06 2.089454e+02 1.752981e+02 1.924020e+02 
3.388442e+06 2.030074e+02 1.701880e+02 1.867237e+02 
3.499452e+06 1.972481e+02 1.652350e+02 1.812219e+02 
3.614099e+06 1.916624e+02 1.604348e+02 1.758918e+02 
3.732502e+06 1.862456e+02 1.557828e+02 1.707283e+02 
3.854784e+06 1.809928e+02 1.512747e+02 1.657264e+02 
3.981072e+06 1.748647e+02 1.460422e+02 1.599349e+02 
4.111497e+06 1.699459e+02 1.418285e+02 1.552643e+02 
4.246196e+06 1.651810e+02 1.377475e+02 1.507412e+02 
4.385307e+06 1.624595e+02 1.353751e+02 1.480907e+02 
4.528976e+06 1.579274e+02 1.314987e+02 1.437974e+02 
4.677351e+06 1.535353e+02 1.277425e+02 1.396379e+02 
4.830588e+06 1.483953e+02 1.233719e+02 1.348112e+02 
4.988845e+06 1.442755e+02 1.198553e+02 1.309209e+02 
5.152286e+06 1.402758e+02 1.164436e+02 1.271479e+02 
5.321083e+06 1.363916e+02 1.131326e+02 1.234878e+02 
5.495409e+06 1.326185e+02 1.099187e+02 1.199363e+02 
5.675446e+06 1.289524e+02 1.067982e+02 1.164893e+02 
5.861382e+06 1.253892e+02 1.037674e+02 1.131427e+02 
6.053409e+06 1.219252e+02 1.008231e+02 1.098929e+02 
6.251727e+06 1.185566e+02 9.796203e+01 1.067361e+02 
6.456542e+06 1.152800e+02 9.518111e+01 1.036689e+02 
6.668068e+06 1.120920e+02 9.247751e+01 1.006882e+02 
6.886523e+06 1.089897e+02 8.984850e+01 9.779089e+01 
7.112135e+06 1.059701e+02 8.729155e+01 9.497410e+01 
7.345139e+06 1.030305e+02 8.480431e+01 9.223520e+01 
7.585776e+06 1.001684e+02 8.238455e+01 8.957168e+01 
7.834296e+06 9.738158e+01 8.003025e+01 8.698125e+01 
8.090959e+06 9.466782e+01 7.773950e+01 8.446176e+01 
8.356030e+06 9.202516e+01 7.551055e+01 8.201124e+01 
8.629785e+06 8.945178e+01 7.334176e+01 7.962782e+01 
8.912509e+06 8.694600e+01 7.123164e+01 7.730982e+01 
9.204496e+06 8.450626e+01 6.917879e+01 7.505564e+01 
9.506048e+06 8.213112e+01 6.718190e+01 7.286379e+01 
9.817479e+06 7.981923e+01 6.523975e+01 7.073288e+01 
1.013911e+07 7.756932e+01 6.335118e+01 6.866158e+01 
1.047129e+07 7.538019e+01 6.151509e+01 6.664865e+01 
1.081434e+07 7.325068e+01 5.973043e+01 6.469286e+01 
1.116863e+07 7.117966e+01 5.799615e+01 6.279304e+01 
1.153453e+07 6.916602e+01 5.631126e+01 6.094802e+01 
1.191242e+07 6.720865e+01 5.467472e+01 5.915665e+01 
1.230269e+07 6.530644e+01 5.308554e+01 5.741777e+01 
1.270574e+07 6.345817e+01 5.154260e+01 5.573014e+01 
1.312200e+07 6.166289e+01 5.004505e+01 5.409275e+01 
1.355189e+07 5.991930e+01 4.859171e+01 5.250431e+01 
1.399587e+07 5.822627e+01 4.718159e+01 5.096366e+01 
1.445440e+07 5.658021e+01 4.581238e+01 4.946859e+01 
1.492794e+07 5.498637e+01 4.448609e+01 4.802025e+01 
1.541700e+07 5.343699e+01 4.319850e+01 4.661501e+01 
1.592209e+07 5.193285e+01 4.194944e+01 4.525231e+01 
1.644372e+07 5.047259e+01 4.073772e+01 4.393081e+01 
1.698244e+07 4.905483e+01 3.956213e+01 4.264919e+01 
1.753881e+07 4.767817e+01 3.842148e+01 4.140610e+01 
1.811340e+07 4.634123e+01 3.731457e+01 4.020021e+01 
1.870682e+07 4.504264e+01 3.624023e+01 3.903021e+01 
1.931968e+07 4.378106e+01 3.519729e+01 3.789484e+01 
1.995262e+07 4.255519e+01 3.418466e+01 3.679283e+01 
2.060630e+07 4.136378e+01 3.320124e+01 3.572302e+01 
2.128139e+07 4.020563e+01 3.224602e+01 3.468426e+01 
2.197860e+07 3.907959e+01 3.131802e+01 3.367546e+01 
2.269865e+07 3.798462e+01 3.041632e+01 3.269562e+01 
2.344229e+07 3.691971e+01 2.954008e+01 3.174378e+01 
2.421029e+07 3.588390e+01 2.868847e+01 3.081904e+01 
2.500345e+07 3.487636e+01 2.786076e+01 2.992058e+01 
2.582260e+07 3.389629e+01 2.705626e+01 2.904764e+01 
2.666859e+07 3.294298e+01 2.627437e+01 2.819953e+01 
2.754229e+07 3.201088e+01 2.551220e+01 2.737379e+01 
2.844461e+07 3.111401e+01 2.477607e+01 2.657523e+01 
2.937650e+07 3.023716e+01 2.405861e+01 2.579785e+01 
3.033891e+07 2.938464e+01 2.336163e+01 2.504294e+01 
3.133286e+07 2.855594e+01 2.268466e+01 2.430995e+01 
3.235937e+07 2.775054e+01 2.202724e+01 2.359839e+01 
3.341950e+07 2.696792e+01 2.138892e+01 2.290774e+01 
3.451437e+07 2.620758e+01 2.076925e+01 2.223750e+01 
3.564511e+07 2.546897e+01 2.016777e+01 2.158715e+01 
3.681290e+07 2.475156e+01 1.958400e+01 2.095617e+01 
3.801894e+07 2.405479e+01 1.901746e+01 2.034403e+01 
3.926449e+07 2.337808e+01 1.846767e+01 1.975017e+01 
4.055085e+07 2.272085e+01 1.793410e+01 1.917404e+01 
4.187936e+07 2.208249e+01 1.741627e+01 1.861508e+01 
4.325138e+07 2.146241e+01 1.691364e+01 1.807272e+01 
4.466836e+07 2.086000e+01 1.642573e+01 1.754640e+01 
4.613176e+07 2.027467e+01 1.595201e+01 1.703557e+01 
4.764310e+07 1.970580e+01 1.549198e+01 1.653968e+01 
4.920395e+07 1.915294e+01 1.504525e+01 1.605827e+01 
5.081594e+07 1.861547e+01 1.461131e+01 1.559080e+01 
5.248075e+07 1.809294e+01 1.418976e+01 1.513684e+01 
5.420009e+07 1.758483e+01 1.378018e+01 1.469590e+01 
5.597576e+07 1.709078e+01 1.338225e+01 1.426766e+01 
5.780960e+07 1.661038e+01 1.299563e+01 1.385173e+01 
5.970353e+07 1.614327e+01 1.262001e+01 1.344777e+01 
6.165950e+07 1.568913e+01 1.225512e+01 1.305546e+01 
6.367955e+07 1.524765e+01 1.190068e+01 1.267453e+01 
6.576578e+07 1.481853e+01 1.155645e+01 1.230468e+01 
6.792036e+07 1.440150e+01 1.122217e+01 1.194564e+01 
7.014553e+07 1.399626e+01 1.089761e+01 1.159716e+01 
7.244360e+07 1.360254e+01 1.058253e+01 1.125895e+01 
7.481695e+07 1.322005e+01 1.027667e+01 1.093075e+01 
7.726806e+07 1.284848e+01 9.979783e+00 1.061227e+01 
7.979947e+07 1.248753e+01 9.691604e+00 1.030324e+01 
8.241381e+07 1.213688e+01 9.411868e+00 1.000335e+01 
8.511380e+07 1.179621e+01 9.140306e+00 9.712307e+00 
8.790225e+07 1.146519e+01 8.876650e+00 9.429829e+00 
9.078205e+07 1.114350e+01 8.620635e+00 9.155622e+00 
9.375620e+07 1.083085e+01 8.372007e+00 8.889408e+00 
9.682779e+07 1.052693e+01 8.130515e+00 8.630915e+00 
1.000000e+08 1.023149e+01 7.895955e+00 8.379917e+00 
1.032761e+08 9.944253e+00 7.668091e+00 8.136160e+00 
1.066596e+08 9.664995e+00 7.446737e+00 7.899439e+00 
1.101539e+08 9.393504e+00 7.231714e+00 7.669557e+00 
1.137627e+08 9.129583e+00 7.022856e+00 7.446334e+00 
1.174898e+08 8.873049e+00 6.820009e+00 7.229599e+00 
1.213389e+08 8.623727e+00 6.623023e+00 7.019189e+00 
1.253141e+08 8.381445e+00 6.431752e+00 6.814944e+00 
1.294196e+08 8.146027e+00 6.246049e+00 6.616702e+00 
1.336596e+08 7.917296e+00 6.065766e+00 6.424300e+00 
1.380384e+08 7.695068e+00 5.890747e+00 6.237571e+00 
1.425608e+08 7.479154e+00 5.720836e+00 6.056342e+00 
1.472313e+08 7.269358e+00 5.555872e+00 5.880441e+00 
1.520548e+08 7.065488e+00 5.395696e+00 5.709692e+00 
1.570363e+08 6.867352e+00 5.240150e+00 5.543927e+00 
1.621810e+08 6.674766e+00 5.089084e+00 5.382980e+00 
1.674943e+08 6.487556e+00 4.942355e+00 5.226698e+00 
1.729816e+08 6.262483e+00 4.767036e+00 5.040263e+00 
1.786488e+08 6.128641e+00 4.661388e+00 4.927564e+00 
1.845015e+08 5.956652e+00 4.526918e+00 4.784457e+00 
1.905461e+08 5.789475e+00 4.396315e+00 4.645505e+00 
1.967886e+08 5.626991e+00 4.269481e+00 4.510600e+00 
2.032357e+08 5.469085e+00 4.146321e+00 4.379637e+00 
2.098940e+08 5.315643e+00 4.026739e+00 4.252512e+00 
2.167704e+08 5.166547e+00 3.910637e+00 4.129119e+00 
2.238721e+08 5.021673e+00 3.797914e+00 4.009349e+00 
2.312065e+08 4.880898e+00 3.688467e+00 3.893091e+00 
2.387811e+08 4.744092e+00 3.582192e+00 3.780231e+00 
2.466039e+08 4.611131e+00 3.478988e+00 3.670660e+00 
2.546830e+08 4.481893e+00 3.378756e+00 3.564272e+00 
2.630268e+08 4.356265e+00 3.281401e+00 3.460965e+00 
2.716439e+08 4.234141e+00 3.186840e+00 3.360647e+00 
2.805434e+08 4.115425e+00 3.094993e+00 3.263232e+00 
2.897344e+08 4.000029e+00 3.005787e+00 3.168643e+00 
2.992265e+08 3.887870e+00 2.919153e+00 3.076805e+00 
3.090295e+08 3.778867e+00 2.835027e+00 2.987645e+00 
3.191538e+08 3.672941e+00 2.753340e+00 2.901093e+00 
3.296097e+08 3.570007e+00 2.674025e+00 2.817074e+00 
3.404082e+08 3.469980e+00 2.597012e+00 2.735512e+00 
3.515604e+08 3.372771e+00 2.522230e+00 2.656332e+00 
3.630781e+08 3.278294e+00 2.449607e+00 2.579457e+00 
3.749730e+08 3.186461e+00 2.379076e+00 2.504812e+00 
3.872576e+08 3.097195e+00 2.310570e+00 2.432329e+00 
3.999447e+08 3.010420e+00 2.244032e+00 2.361943e+00 
4.130475e+08 2.926068e+00 2.179404e+00 2.293594e+00 
4.265795e+08 2.844080e+00 2.116638e+00 2.227230e+00 
4.405549e+08 2.764394e+00 2.055685e+00 2.162795e+00 
4.549881e+08 2.686952e+00 1.996496e+00 2.100240e+00 
4.698941e+08 2.611691e+00 1.939020e+00 2.039509e+00 
4.852885e+08 2.538552e+00 1.883211e+00 1.980551e+00 
5.011872e+08 2.467471e+00 1.829015e+00 1.923310e+00 
5.176068e+08 2.398383e+00 1.776382e+00 1.867732e+00 
5.345644e+08 2.331227e+00 1.725262e+00 1.813763e+00 
5.520774e+08 2.265947e+00 1.675611e+00 1.761356e+00 
5.701643e+08 2.202490e+00 1.627386e+00 1.710465e+00 
5.888437e+08 2.140809e+00 1.580549e+00 1.661047e+00 
6.081350e+08 2.080858e+00 1.535062e+00 1.613065e+00 
6.280584e+08 2.022592e+00 1.490890e+00 1.566479e+00 
6.486344e+08 1.965966e+00 1.447997e+00 1.521250e+00 
6.698846e+08 1.910933e+00 1.406343e+00 1.477337e+00 
6.918310e+08 1.857460e+00 1.365903e+00 1.434712e+00 
7.144963e+08 1.805455e+00 1.326605e+00 1.393299e+00 
7.379042e+08 1.754917e+00 1.288447e+00 1.353094e+00 
7.620790e+08 1.782263e+00 1.307486e+00 1.372962e+00 
7.870458e+08 1.658038e+00 1.215389e+00 1.276140e+00 
8.128305e+08 1.611623e+00 1.180430e+00 1.239326e+00 
8.394600e+08 1.566512e+00 1.146480e+00 1.203582e+00 
8.669619e+08 1.522668e+00 1.113511e+00 1.168876e+00 
8.953648e+08 1.480056e+00 1.081494e+00 1.135179e+00 
9.246982e+08 1.438639e+00 1.050400e+00 1.102459e+00 
9.549926e+08 1.398380e+00 1.020200e+00 1.070685e+00 
9.862795e+08 1.359245e+00 9.908675e-01 1.039828e+00 
1.018591e+09 1.321204e+00 9.623780e-01 1.009864e+00 
1.051962e+09 1.284227e+00 9.347081e-01 9.807664e-01 
1.086426e+09 1.248288e+00 9.078359e-01 9.525124e-01 
1.122018e+09 1.213396e+00 8.817563e-01 9.250952e-01 
1.158777e+09 1.179407e+00 8.563956e-01 8.984396e-01 
1.196741e+09 1.146407e+00 8.317818e-01 8.725723e-01 
1.235947e+09 1.114330e+00 8.078756e-01 8.474523e-01 
1.276439e+09 1.083149e+00 7.846559e-01 8.230575e-01 
1.318257e+09 1.052839e+00 7.621035e-01 7.993671e-01 
1.361445e+09 1.023378e+00 7.402001e-01 7.763619e-01 
1.406048e+09 9.947428e-01 7.189281e-01 7.540229e-01 
1.452112e+09 9.669107e-01 6.982694e-01 7.323311e-01 
1.499685e+09 9.398358e-01 6.781895e-01 7.112499e-01 
1.548817e+09 9.136924e-01 6.588126e-01 6.909095e-01 
1.599558e+09 8.882558e-01 6.399753e-01 6.711380e-01 
1.651962e+09 8.634976e-01 6.216556e-01 6.519124e-01 
1.706082e+09 8.391689e-01 6.036736e-01 6.330436e-01 
1.761976e+09 8.154550e-01 5.861617e-01 6.146705e-01 
1.819701e+09 7.924154e-01 5.691616e-01 5.968364e-01 
1.879317e+09 7.701057e-01 5.527118e-01 5.795818e-01 
1.940886e+09 7.485494e-01 5.368281e-01 5.629228e-01 
2.004472e+09 7.277236e-01 5.214925e-01 5.468404e-01 
2.070141e+09 7.075625e-01 5.066565e-01 5.312837e-01 
2.137962e+09 6.879785e-01 4.922563e-01 5.161857e-01 
2.208005e+09 6.688902e-01 4.782327e-01 5.014841e-01 
2.280342e+09 6.502440e-01 4.645466e-01 4.871377e-01 
2.355049e+09 6.320223e-01 4.511847e-01 4.731326e-01 
2.432204e+09 6.142358e-01 4.381540e-01 4.594759e-01 
2.511886e+09 5.969076e-01 4.254701e-01 4.461840e-01 
2.594179e+09 5.800594e-01 4.131478e-01 4.332720e-01 
2.679168e+09 5.637052e-01 4.011961e-01 4.207495e-01 
2.766942e+09 5.478517e-01 3.896188e-01 4.086205e-01 
2.857591e+09 5.324998e-01 3.784159e-01 3.968846e-01 
2.951209e+09 5.176420e-01 3.675810e-01 3.855352e-01 
3.047895e+09 5.032562e-01 3.570975e-01 3.745549e-01 
3.147748e+09 4.893034e-01 3.469370e-01 3.639137e-01 
3.250873e+09 4.757373e-01 3.370659e-01 3.535763e-01 
3.357376e+09 4.625012e-01 3.274435e-01 3.435001e-01 
3.467369e+09 4.495765e-01 3.180560e-01 3.336703e-01 
3.580964e+09 4.369526e-01 3.088955e-01 3.240789e-01 
3.698282e+09 4.246388e-01 2.999680e-01 3.147318e-01 
3.819443e+09 4.126496e-01 2.912832e-01 3.056393e-01 
3.944573e+09 4.009975e-01 2.828494e-01 2.968101e-01 
4.073803e+09 3.896923e-01 2.746729e-01 2.882507e-01 
4.207266e+09 3.787404e-01 2.667577e-01 2.799653e-01 
4.345102e+09 3.681391e-01 2.591011e-01 2.719510e-01 
4.487454e+09 3.578819e-01 2.516980e-01 2.642025e-01 
4.634469e+09 3.479401e-01 2.445276e-01 2.566980e-01 
4.786301e+09 3.382832e-01 2.375681e-01 2.494144e-01 
4.943107e+09 3.288785e-01 2.307959e-01 2.423271e-01 
5.105050e+09 3.197028e-01 2.241943e-01 2.354186e-01 
5.272299e+09 3.107473e-01 2.177570e-01 2.286820e-01 
5.445027e+09 3.020054e-01 2.114788e-01 2.221119e-01 
5.623413e+09 2.934835e-01 2.053640e-01 2.157129e-01 
5.807644e+09 2.851882e-01 1.994167e-01 2.094892e-01 
5.997911e+09 2.771319e-01 1.936451e-01 2.034496e-01 
6.194411e+09 2.693238e-01 1.880555e-01 1.976004e-01 
6.397348e+09 2.617646e-01 1.826479e-01 1.919418e-01 
6.606934e+09 2.544461e-01 1.774160e-01 1.864672e-01 
6.823387e+09 2.473546e-01 1.723499e-01 1.811662e-01 
7.046931e+09 2.404727e-01 1.674371e-01 1.760257e-01 
7.277798e+09 2.337808e-01 1.626638e-01 1.710310e-01 
7.516229e+09 2.272601e-01 1.580164e-01 1.661680e-01 
7.762471e+09 2.208970e-01 1.534852e-01 1.614266e-01 
8.016781e+09 2.146867e-01 1.490668e-01 1.568029e-01 
8.279422e+09 2.086305e-01 1.447617e-01 1.522976e-01 
8.550667e+09 2.027332e-01 1.405730e-01 1.479140e-01 
8.830799e+09 1.970004e-01 1.365043e-01 1.436559e-01 
9.120108e+09 1.914377e-01 1.325593e-01 1.395272e-01 
9.418896e+09 1.860487e-01 1.287402e-01 1.355301e-01 
9.727472e+09 1.808318e-01 1.250456e-01 1.316632e-01 
1.004616e+10 1.757794e-01 1.214698e-01 1.279207e-01 
1.037528e+10 1.708780e-01 1.180034e-01 1.242926e-01 
1.071519e+10 1.661116e-01 1.146351e-01 1.207669e-01 
1.106624e+10 1.614665e-01 1.113552e-01 1.173336e-01 
1.142878e+10 1.569365e-01 1.081592e-01 1.139879e-01 
1.180321e+10 1.525207e-01 1.050465e-01 1.107291e-01 
1.218990e+10 1.482182e-01 1.020160e-01 1.075562e-01 
1.258925e+10 1.440309e-01 9.906767e-02 1.044695e-01 
1.300170e+10 1.399449e-01 9.619583e-02 1.014617e-01 
1.342765e+10 1.359830e-01 9.341184e-02 9.854610e-02 
1.386756e+10 1.321486e-01 9.071931e-02 9.572621e-02 
1.432188e+10 1.284408e-01 8.811729e-02 9.300100e-02 
1.479108e+10 1.248475e-01 8.559735e-02 9.036159e-02 
1.527566e+10 1.213544e-01 8.314954e-02 8.779754e-02 
1.577611e+10 1.179532e-01 8.076799e-02 8.530263e-02 
1.629296e+10 1.146409e-01 7.845051e-02 8.287458e-02 
1.682674e+10 1.114153e-01 7.619544e-02 8.051166e-02 
1.737801e+10 1.082729e-01 7.400030e-02 7.821126e-02 
1.794734e+10 1.052105e-01 7.186278e-02 7.597096e-02 
1.853532e+10 1.022273e-01 6.978215e-02 7.378999e-02 
1.914256e+10 9.932592e-02 6.776018e-02 7.167026e-02 
1.976970e+10 9.651190e-02 6.580044e-02 6.961557e-02 
2.041738e+10 9.378862e-02 6.390513e-02 6.762825e-02 
2.108628e+10 9.115313e-02 6.207210e-02 6.570608e-02 
2.177710e+10 8.859679e-02 6.029534e-02 6.384271e-02 
2.249055e+10 8.610974e-02 5.856803e-02 6.203096e-02 
2.322737e+10 8.368523e-02 5.688547e-02 6.026587e-02 
2.398833e+10 8.132115e-02 5.524615e-02 5.854585e-02 
2.477422e+10 7.901838e-02 5.365057e-02 5.687144e-02 
2.558586e+10 7.677786e-02 5.209929e-02 5.524326e-02 
2.642409e+10 7.459916e-02 5.059192e-02 5.366091e-02 
2.728978e+10 7.248115e-02 4.912761e-02 5.212352e-02 
2.818383e+10 7.042382e-02 4.770626e-02 5.063100e-02 
2.910717e+10 6.842824e-02 4.632850e-02 4.918405e-02 
3.006076e+10 6.649463e-02 4.499441e-02 4.778276e-02 
3.104560e+10 6.462057e-02 4.370225e-02 4.642533e-02 
3.206269e+10 6.280054e-02 4.244820e-02 4.510773e-02 
3.311311e+10 6.102772e-02 4.122760e-02 4.382501e-02 
3.419794e+10 5.929757e-02 4.003730e-02 4.257385e-02 
3.531832e+10 5.760975e-02 3.887701e-02 4.135395e-02 
3.647539e+10 5.596689e-02 3.774847e-02 4.016718e-02 
3.767038e+10 5.437171e-02 3.665342e-02 3.901540e-02 
3.890451e+10 5.282499e-02 3.559234e-02 3.789917e-02 
4.017908e+10 5.132546e-02 3.456431e-02 3.681749e-02 
4.149540e+10 4.987007e-02 3.356719e-02 3.576816e-02 
4.285485e+10 4.845565e-02 3.259881e-02 3.474884e-02 
4.425884e+10 4.708074e-02 3.165812e-02 3.375847e-02 
4.570882e+10 4.574436e-02 3.074442e-02 3.279629e-02 
4.720630e+10 4.444427e-02 2.985615e-02 3.186066e-02 
4.875285e+10 4.317785e-02 2.899150e-02 3.094969e-02 
5.035006e+10 4.194395e-02 2.814966e-02 3.006250e-02 
5.199960e+10 4.074389e-02 2.733135e-02 2.920000e-02 
5.370318e+10 3.957779e-02 2.653695e-02 2.836229e-02 
5.546257e+10 3.844756e-02 2.576736e-02 2.755067e-02 
5.727960e+10 3.735281e-02 2.502239e-02 2.676485e-02 
6.109420e+10 3.525806e-02 2.359828e-02 2.526211e-02 
6.309573e+10 3.425090e-02 2.291427e-02 2.454001e-02 
6.516284e+10 3.326918e-02 2.224800e-02 2.383642e-02 
6.729767e+10 3.231431e-02 2.160039e-02 2.315234e-02 
6.950243e+10 3.138696e-02 2.097184e-02 2.248820e-02 
7.177943e+10 3.048672e-02 2.036204e-02 2.184371e-02 
7.413102e+10 2.961281e-02 1.977046e-02 2.121829e-02 
7.655966e+10 2.876439e-02 1.919648e-02 2.061132e-02 
7.906786e+10 2.794033e-02 1.863932e-02 2.002196e-02 
8.165824e+10 2.713937e-02 1.809813e-02 1.944932e-02 
8.433348e+10 2.636063e-02 1.757227e-02 1.889273e-02 
8.709636e+10 2.560324e-02 1.706115e-02 1.835157e-02 
8.994976e+10 2.486601e-02 1.656396e-02 1.782497e-02 
9.289664e+10 2.414827e-02 1.608021e-02 1.731243e-02 
9.594006e+10 2.345072e-02 1.561037e-02 1.681446e-02 
9.908319e+10 2.277416e-02 1.515496e-02 1.633158e-02 
1.023293e+11 2.212078e-02 1.471474e-02 1.586571e-02 
1.056818e+11 2.148269e-02 1.428627e-02 1.541025e-02 
1.091440e+11 2.086357e-02 1.387021e-02 1.496873e-02 
1.127197e+11 2.026045e-02 1.346517e-02 1.453871e-02 
1.164126e+11 1.967332e-02 1.307109e-02 1.412018e-02 
1.202264e+11 1.910264e-02 1.268828e-02 1.371347e-02 
1.241652e+11 1.854868e-02 1.231689e-02 1.331876e-02 
1.282331e+11 1.801131e-02 1.195683e-02 1.293595e-02 
1.324342e+11 1.748975e-02 1.160754e-02 1.256447e-02 
1.367729e+11 1.698282e-02 1.126825e-02 1.220348e-02 
1.412538e+11 1.648965e-02 1.093836e-02 1.185235e-02 
1.458814e+11 1.601011e-02 1.061776e-02 1.151097e-02 
1.506607e+11 1.554413e-02 1.030639e-02 1.117929e-02 
1.555966e+11 1.509122e-02 1.000392e-02 1.085696e-02 
1.606941e+11 1.465088e-02 9.710008e-03 1.054362e-02 
1.659587e+11 1.422312e-02 9.424642e-03 1.023927e-02 
1.713957e+11 1.380811e-02 9.147923e-03 9.944019e-03 
1.770109e+11 1.340541e-02 8.879547e-03 9.657562e-03 
1.828100e+11 1.301396e-02 8.618804e-03 9.379132e-03 
1.887991e+11 1.268377e-02 8.398792e-03 9.144778e-03 
1.949845e+11 1.226223e-02 8.118459e-03 8.844479e-03 
2.013724e+11 1.190204e-02 7.878906e-03 8.588327e-03 
2.079697e+11 1.155248e-02 7.646529e-03 8.339742e-03 
2.147830e+11 1.121343e-02 7.421248e-03 8.098648e-03 
2.218196e+11 1.088420e-02 7.202600e-03 7.864549e-03 
2.290868e+11 1.056414e-02 6.990134e-03 7.636962e-03 
2.365920e+11 1.025258e-02 6.783413e-03 7.415418e-03 
2.443431e+11 9.949639e-03 6.582505e-03 7.199997e-03 
2.523481e+11 9.655585e-03 6.387577e-03 6.990892e-03 
2.606154e+11 9.370324e-03 6.198561e-03 6.788039e-03 
2.691535e+11 9.093300e-03 6.015083e-03 6.591034e-03 
2.779713e+11 8.823976e-03 5.836782e-03 6.399492e-03 
2.870781e+11 8.562253e-03 5.663587e-03 6.213341e-03 
2.964831e+11 8.308020e-03 5.495419e-03 6.032502e-03 
3.061963e+11 8.060997e-03 5.332086e-03 5.856774e-03 
3.162278e+11 7.820989e-03 5.173456e-03 5.686017e-03 
3.265878e+11 7.587905e-03 5.019463e-03 5.520167e-03 
3.372873e+11 7.361671e-03 4.870054e-03 5.359172e-03 
3.483373e+11 7.141983e-03 4.725022e-03 5.202813e-03 
3.597493e+11 6.928459e-03 4.584113e-03 5.050815e-03 
3.715352e+11 6.720921e-03 4.447203e-03 4.903051e-03 
3.837072e+11 6.519280e-03 4.314231e-03 4.759456e-03 
3.962780e+11 6.323536e-03 4.185192e-03 4.620035e-03 
4.092607e+11 6.133593e-03 4.060020e-03 4.484720e-03 
4.226686e+11 5.949158e-03 3.938519e-03 4.353301e-03 
4.365158e+11 5.769911e-03 3.820472e-03 4.225545e-03 
4.508167e+11 5.595622e-03 3.705726e-03 4.101286e-03 
4.655861e+11 5.426394e-03 3.594346e-03 3.980604e-03 
4.808393e+11 5.262242e-03 3.486339e-03 3.863512e-03 
4.965923e+11 5.102910e-03 3.381534e-03 3.749826e-03 
5.128614e+11 4.948074e-03 3.279713e-03 3.639312e-03 
5.296634e+11 4.797584e-03 3.180777e-03 3.531861e-03 
5.470160e+11 4.651486e-03 3.084751e-03 3.427510e-03 
5.649370e+11 4.509710e-03 2.991591e-03 3.326212e-03 
5.834451e+11 4.372050e-03 2.901156e-03 3.227819e-03 
6.025596e+11 4.238366e-03 2.813353e-03 3.132230e-03 
6.223003e+11 4.108534e-03 2.728097e-03 3.039357e-03 
6.426877e+11 3.982466e-03 2.645331e-03 2.949138e-03 
6.637431e+11 3.860084e-03 2.564999e-03 2.861519e-03 
6.854882e+11 3.741273e-03 2.487025e-03 2.776417e-03 
7.079458e+11 3.625951e-03 2.411355e-03 2.693778e-03 
7.311391e+11 3.513965e-03 2.337885e-03 2.613488e-03 
7.550922e+11 3.405095e-03 2.266464e-03 2.535379e-03 
7.798301e+11 3.300445e-03 2.197838e-03 2.460307e-03 
8.053784e+11 3.202476e-03 2.133637e-03 2.390085e-03 
8.317638e+11 3.104283e-03 2.069268e-03 2.319587e-03 
8.590135e+11 3.007042e-03 2.005507e-03 2.249670e-03 
8.871560e+11 2.908739e-03 1.941007e-03 2.178829e-03 
9.162205e+11 2.815427e-03 1.879806e-03 2.111596e-03 
9.462372e+11 2.725161e-03 1.820607e-03 2.046520e-03 
9.772372e+11 2.638076e-03 1.763501e-03 1.983708e-03 
1.009253e+12 2.554317e-03 1.708585e-03 1.923275e-03 
1.042317e+12 2.473773e-03 1.655788e-03 1.865144e-03 
1.076465e+12 2.396264e-03 1.604989e-03 1.809186e-03 
1.111732e+12 2.321590e-03 1.556057e-03 1.755256e-03 
1.148154e+12 2.249495e-03 1.508820e-03 1.703165e-03 
1.185769e+12 2.179554e-03 1.462996e-03 1.652597e-03 
1.224616e+12 2.111387e-03 1.418328e-03 1.603267e-03 
1.264736e+12 2.044802e-03 1.374688e-03 1.555030e-03 
1.306171e+12 1.979782e-03 1.332063e-03 1.507874e-03 
1.348963e+12 1.916347e-03 1.290467e-03 1.461817e-03 
1.393157e+12 1.854455e-03 1.249872e-03 1.416828e-03 
1.438799e+12 1.794168e-03 1.210318e-03 1.372956e-03 
1.485936e+12 1.735636e-03 1.171907e-03 1.330318e-03 
1.534617e+12 1.679014e-03 1.134746e-03 1.289038e-03 
1.584893e+12 1.624279e-03 1.098818e-03 1.249102e-03 
1.636817e+12 1.563812e-03 1.058967e-03 1.204644e-03 
1.690441e+12 1.519511e-03 1.030007e-03 1.172508e-03 
1.745822e+12 1.469094e-03 9.968932e-04 1.135617e-03 
1.803018e+12 1.426908e-03 9.693120e-04 1.104968e-03 
1.862087e+12 1.373327e-03 9.339467e-04 1.065393e-03 
1.923092e+12 1.328228e-03 9.043036e-04 1.032294e-03 
1.986095e+12 1.284949e-03 8.758581e-04 1.000515e-03 
2.051162e+12 1.243230e-03 8.484358e-04 9.698599e-04 
2.118361e+12 1.202773e-03 8.218341e-04 9.400993e-04 
2.187762e+12 1.163376e-03 7.959170e-04 9.110794e-04 
2.259436e+12 1.124942e-03 7.706177e-04 8.827250e-04 
2.333458e+12 1.087403e-03 7.458888e-04 8.549832e-04 
2.409905e+12 1.050712e-03 7.216998e-04 8.278202e-04 
2.488857e+12 1.015004e-03 6.981276e-04 8.013169e-04 
2.570396e+12 9.801369e-04 6.751195e-04 7.754393e-04 
2.654606e+12 9.463976e-04 6.528292e-04 7.503405e-04 
2.741574e+12 9.137459e-04 6.312451e-04 7.260171e-04 
2.831392e+12 8.822485e-04 6.104148e-04 7.025256e-04 
2.924152e+12 8.519616e-04 5.903790e-04 6.799149e-04 
3.019952e+12 8.228613e-04 5.711233e-04 6.581706e-04 
3.118890e+12 7.948217e-04 5.525626e-04 6.371964e-04 
3.221069e+12 7.677191e-04 5.346126e-04 6.168968e-04 
3.326596e+12 7.414420e-04 5.171969e-04 5.971848e-04 
3.435579e+12 7.159387e-04 5.002803e-04 5.780214e-04 
3.548134e+12 6.911385e-04 4.838144e-04 5.593515e-04 
3.664376e+12 6.669657e-04 4.677468e-04 5.411157e-04 
3.784426e+12 6.434181e-04 4.520762e-04 5.233133e-04 
3.908409e+12 6.205718e-04 4.368567e-04 5.060079e-04 
4.036454e+12 5.985116e-04 4.221492e-04 4.892715e-04 
4.168694e+12 5.772339e-04 4.079528e-04 4.731041e-04 
4.305266e+12 5.566577e-04 3.942119e-04 4.574426e-04 
4.446313e+12 5.366956e-04 3.808658e-04 4.422174e-04 
4.591980e+12 5.173071e-04 3.678865e-04 4.273973e-04 
4.742420e+12 4.985221e-04 3.552963e-04 4.130087e-04 
4.897788e+12 4.804071e-04 3.431436e-04 3.991093e-04 
5.058247e+12 4.630078e-04 3.314631e-04 3.857403e-04 
5.223962e+12 4.462826e-04 3.202270e-04 3.728707e-04 
5.395106e+12 4.301405e-04 3.093719e-04 3.604276e-04 
5.571857e+12 4.145022e-04 2.988420e-04 3.483470e-04 
5.754399e+12 3.993139e-04 2.885993e-04 3.365853e-04 
5.942922e+12 3.845395e-04 2.786187e-04 3.251138e-04 
6.137620e+12 3.701662e-04 2.688912e-04 3.139227e-04 
6.338697e+12 3.562139e-04 2.594320e-04 3.030305e-04 
6.546362e+12 3.427173e-04 2.502673e-04 2.924684e-04 
6.760830e+12 3.296928e-04 2.414103e-04 2.822526e-04 
6.982324e+12 3.171370e-04 2.328599e-04 2.723827e-04 
7.211075e+12 3.050581e-04 2.246239e-04 2.628682e-04 
7.447320e+12 2.934482e-04 2.166980e-04 2.537052e-04 
7.691304e+12 2.822799e-04 2.090637e-04 2.448727e-04 
7.943282e+12 2.715011e-04 2.016841e-04 2.363280e-04 
8.203515e+12 2.610562e-04 1.945188e-04 2.280244e-04 
8.472274e+12 2.509253e-04 1.875539e-04 2.199461e-04 
8.749838e+12 2.411038e-04 1.807866e-04 2.120904e-04 
9.036495e+12 2.315893e-04 1.742161e-04 2.044568e-04 
9.332543e+12 2.223770e-04 1.678397e-04 1.970425e-04 
9.638290e+12 2.134811e-04 1.616689e-04 1.898616e-04 
9.954054e+12 2.049284e-04 1.557254e-04 1.829400e-04 
1.028016e+13 1.967210e-04 1.500123e-04 1.762821e-04 
1.061696e+13 1.888312e-04 1.445102e-04 1.698653e-04 
1.096478e+13 1.812137e-04 1.391858e-04 1.636510e-04 
1.132400e+13 1.738429e-04 1.340202e-04 1.576174e-04 
1.169499e+13 1.667143e-04 1.290110e-04 1.517620e-04 
1.207814e+13 1.598419e-04 1.241699e-04 1.460989e-04 
1.247384e+13 1.532352e-04 1.195055e-04 1.406387e-04 
1.288250e+13 1.468763e-04 1.150052e-04 1.353669e-04 
1.330454e+13 1.407361e-04 1.106474e-04 1.302583e-04 
1.374042e+13 1.347973e-04 1.064193e-04 1.252983e-04 
1.419058e+13 1.290621e-04 1.023234e-04 1.204901e-04 
1.465548e+13 1.235372e-04 9.836616e-05 1.158415e-04 
1.513561e+13 1.182285e-04 9.455332e-05 1.113597e-04 
1.563148e+13 1.131336e-04 9.088420e-05 1.070440e-04 
1.614359e+13 1.082464e-04 8.735528e-05 1.028907e-04 
1.667247e+13 1.035467e-04 8.395161e-05 9.888226e-05 
1.721869e+13 9.901669e-05 8.065965e-05 9.500306e-05 
1.778279e+13 9.464669e-05 7.747245e-05 9.124512e-05 
1.836538e+13 9.043269e-05 7.438757e-05 8.760576e-05 
1.896706e+13 8.637365e-05 7.140505e-05 8.408523e-05 
1.958845e+13 8.246692e-05 6.852361e-05 8.068221e-05 
2.023019e+13 7.871474e-05 6.574611e-05 7.740026e-05 
2.089296e+13 7.512069e-05 6.307664e-05 7.424435e-05 
2.157744e+13 7.167930e-05 6.051187e-05 7.121071e-05 
2.228435e+13 6.837806e-05 5.804242e-05 6.828844e-05 
2.301442e+13 6.520405e-05 5.565829e-05 6.546591e-05 
2.376840e+13 6.215139e-05 5.335534e-05 6.273838e-05 
2.454709e+13 5.921544e-05 5.113046e-05 6.010231e-05 
2.535129e+13 5.639221e-05 4.898104e-05 5.755477e-05 
2.618183e+13 5.368054e-05 4.690689e-05 5.509563e-05 
2.703958e+13 5.110190e-05 4.492780e-05 5.274825e-05 
2.792544e+13 4.860454e-05 4.299936e-05 5.046055e-05 
2.884032e+13 4.623477e-05 4.116342e-05 4.828172e-05 
2.978516e+13 4.396387e-05 3.939562e-05 4.618323e-05 
3.076097e+13 4.178132e-05 3.768736e-05 4.415508e-05 
3.176874e+13 3.968492e-05 3.603736e-05 4.219585e-05 
3.280953e+13 3.767822e-05 3.444963e-05 4.031029e-05 
3.388442e+13 3.576260e-05 3.292639e-05 3.850104e-05 
3.499452e+13 3.393246e-05 3.146352e-05 3.676329e-05 
3.614099e+13 3.218178e-05 3.005631e-05 3.509158e-05 
3.732502e+13 3.050605e-05 2.870137e-05 3.348198e-05 
3.854784e+13 2.890471e-05 2.739900e-05 3.193487e-05 
3.981072e+13 2.737585e-05 2.614826e-05 3.044915e-05 
4.111497e+13 2.591715e-05 2.494781e-05 2.902328e-05 
4.246196e+13 2.452511e-05 2.379513e-05 2.765431e-05 
4.385307e+13 2.319539e-05 2.268685e-05 2.633834e-05 
4.528976e+13 2.192563e-05 2.162140e-05 2.507354e-05 
4.677351e+13 2.071463e-05 2.059838e-05 2.385944e-05 
4.830588e+13 1.956186e-05 1.961807e-05 2.269635e-05 
4.988845e+13 1.846497e-05 1.867896e-05 2.158249e-05 
5.152286e+13 1.742062e-05 1.777850e-05 2.051489e-05 
5.321083e+13 1.642656e-05 1.691515e-05 1.949175e-05 
5.495409e+13 1.548027e-05 1.608708e-05 1.851091e-05 
5.675446e+13 1.457954e-05 1.529273e-05 1.757057e-05 
5.861382e+13 1.372279e-05 1.453115e-05 1.666958e-05 
6.053409e+13 1.290955e-05 1.380256e-05 1.580817e-05 
6.251727e+13 1.213831e-05 1.310614e-05 1.498535e-05 
6.456542e+13 1.140684e-05 1.244025e-05 1.419917e-05 
6.668068e+13 1.071252e-05 1.180274e-05 1.344713e-05 
6.886523e+13 1.005381e-05 1.119258e-05 1.272802e-05 
7.112135e+13 9.429345e-06 1.060896e-05 1.204085e-05 
7.345139e+13 8.837622e-06 1.005084e-05 1.138440e-05 
7.585776e+13 8.277751e-06 9.517895e-06 1.075822e-05 
7.834296e+13 7.748747e-06 9.009669e-06 1.016174e-05 
8.090959e+13 7.249134e-06 8.525153e-06 9.593754e-06 
8.356030e+13 6.776852e-06 8.062590e-06 9.052203e-06 
8.629785e+13 6.329924e-06 7.620241e-06 8.535075e-06 
8.912509e+13 5.907885e-06 7.198129e-06 8.042336e-06 
9.204496e+13 5.510422e-06 6.796491e-06 7.574184e-06 
9.506048e+13 5.136441e-06 6.414659e-06 7.129782e-06 
9.817479e+13 4.784170e-06 6.051044e-06 6.707286e-06 
1.013911e+14 4.452109e-06 5.704323e-06 6.305161e-06 
1.047129e+14 4.139551e-06 5.374148e-06 5.922950e-06 
1.081434e+14 3.845932e-06 5.060361e-06 5.560404e-06 
1.116863e+14 3.570449e-06 4.762490e-06 5.216923e-06 
1.153453e+14 3.311944e-06 4.479570e-06 4.891365e-06 
1.191242e+14 3.069395e-06 4.210766e-06 4.582741e-06 
1.230269e+14 2.842002e-06 3.955501e-06 4.290348e-06 
1.270574e+14 2.629115e-06 3.713403e-06 4.013702e-06 
1.312200e+14 2.430038e-06 3.484014e-06 3.752228e-06 
1.355189e+14 2.243907e-06 3.266612e-06 3.505064e-06 
1.399587e+14 2.070077e-06 3.060756e-06 3.271664e-06 
1.445440e+14 1.907857e-06 2.865916e-06 3.051377e-06 
1.492794e+14 1.756596e-06 2.681600e-06 2.843602e-06 
1.541700e+14 1.615694e-06 2.507361e-06 2.647787e-06 
1.592209e+14 1.484584e-06 2.342779e-06 2.463408e-06 
1.644372e+14 1.362943e-06 2.187677e-06 2.290238e-06 
1.698244e+14 1.249426e-06 2.040741e-06 2.126714e-06 
1.753881e+14 1.144329e-06 1.902458e-06 1.973382e-06 
1.811340e+14 1.046920e-06 1.772185e-06 1.829459e-06 
1.870682e+14 9.566979e-07 1.649490e-06 1.694425e-06 
1.931968e+14 8.732506e-07 1.534063e-06 1.567890e-06 
1.995262e+14 7.961521e-07 1.425554e-06 1.449420e-06 
2.060630e+14 7.249739e-07 1.323582e-06 1.338558e-06 
2.128139e+14 6.593230e-07 1.227799e-06 1.234882e-06 
2.197860e+14 5.988486e-07 1.137913e-06 1.138031e-06 
2.269865e+14 5.427864e-07 1.052811e-06 1.046828e-06 
2.344229e+14 4.916109e-07 9.737384e-07 9.624515e-07 
2.421029e+14 4.449007e-07 9.001764e-07 8.843301e-07 
2.500345e+14 4.024333e-07 8.321536e-07 8.123855e-07 
2.582260e+14 3.633639e-07 7.682213e-07 7.451457e-07 
2.666859e+14 3.275321e-07 7.083125e-07 6.824946e-07 
2.754229e+14 2.947032e-07 6.521899e-07 6.241519e-07 
2.844461e+14 2.677015e-07 6.065297e-07 5.764101e-07 
2.937650e+14 2.372689e-07 5.506147e-07 5.195310e-07 
3.033891e+14 2.123220e-07 5.048940e-07 4.728991e-07 
3.133286e+14 1.896995e-07 4.624496e-07 4.298895e-07 
3.235937e+14 1.692545e-07 4.231851e-07 3.903592e-07 
3.341950e+14 1.508137e-07 3.869277e-07 3.540954e-07 
3.451437e+14 1.342105e-07 3.534990e-07 3.208830e-07 
3.564511e+14 1.192721e-07 3.226839e-07 2.904773e-07 
3.681290e+14 1.058354e-07 2.942656e-07 2.626366e-07 
3.801894e+14 9.380877e-08 2.682026e-07 2.372800e-07 
3.926449e+14 8.287694e-08 2.437867e-07 2.137421e-07 
4.055085e+14 7.304988e-08 2.212164e-07 1.921638e-07 
4.187936e+14 6.422585e-08 2.003267e-07 1.723761e-07 
4.325138e+14 5.642718e-08 1.813850e-07 1.545677e-07 
4.466836e+14 4.947475e-08 1.639988e-07 1.383660e-07 
4.613176e+14 4.330920e-08 1.481309e-07 1.237074e-07 
4.764310e+14 3.778004e-08 1.334243e-07 1.102617e-07 
4.920395e+14 3.289867e-08 1.200270e-07 9.813210e-08 
5.081594e+14 2.857549e-08 1.077694e-07 8.714763e-08 
5.248075e+14 2.479858e-08 9.674216e-08 7.735428e-08 
5.420009e+14 2.147804e-08 8.673026e-08 6.855240e-08 
5.597576e+14 1.855996e-08 7.763363e-08 6.063960e-08 
5.780960e+14 1.599672e-08 6.936149e-08 5.352380e-08 
5.970353e+14 1.374908e-08 6.184382e-08 4.713166e-08 
6.165950e+14 1.178427e-08 5.502755e-08 4.140473e-08 
6.367955e+14 1.007261e-08 4.886502e-08 3.628981e-08 
6.576578e+14 8.585382e-09 4.330345e-08 3.173122e-08 
6.792036e+14 7.296888e-09 3.829464e-08 2.767832e-08 
7.014553e+14 6.185079e-09 3.379959e-08 2.408852e-08 
7.244360e+14 5.230362e-09 2.978522e-08 2.092438e-08 
7.481695e+14 4.413476e-09 2.621236e-08 1.814515e-08 
7.726806e+14 3.715148e-09 2.303221e-08 1.570482e-08 
7.979947e+14 3.118348e-09 2.019819e-08 1.356084e-08 
8.241381e+14 2.608942e-09 1.767179e-08 1.167783e-08 
8.511380e+14 2.175457e-09 1.542409e-08 1.002807e-08 
8.790225e+14 1.807957e-09 1.343012e-08 8.587351e-09 
9.078205e+14 1.497363e-09 1.166488e-08 7.332347e-09 
9.375620e+14 1.235743e-09 1.010567e-08 6.242104e-09 
9.682779e+14 1.016139e-09 8.731703e-09 5.297682e-09 
